   0.00      0.00000      0.00000      0.00000      0.00000 
   0.10      0.00000      0.00000     -0.38633      0.04925 
   0.20     -0.03863      0.00493     -0.58526      0.28348 
   0.30     -0.09716      0.03327     -0.46089      0.23954 
   0.40     -0.14325      0.05723     -0.53076      0.52230 
   0.50     -0.19632      0.10946     -0.22762      0.66109 
   0.60     -0.21909      0.17557     -0.45729      0.87301 
   0.70     -0.26481      0.26287     -0.24851      0.79620 
   0.80     -0.28967      0.34249     -0.37548      0.34089 
   0.90     -0.32721      0.37657     -0.65443      0.20180 
   1.00     -0.39266      0.39675     -0.86218     -0.07717 
   1.10     -0.47887      0.38904     -0.39755     -0.11152 
   1.20     -0.51863      0.37789     -0.65285     -0.48405 
   1.30     -0.58391      0.32948     -0.96796     -0.53024 
   1.40     -0.68071      0.27646     -0.84664     -0.42208 
   1.50     -0.76537      0.23425     -0.68315     -0.29686 
   1.60     -0.83369      0.20456     -0.87337     -0.14088 
   1.70     -0.92103      0.19048     -0.82415     -0.24134 
   1.80     -1.00344      0.16634     -1.08485     -0.13379 
   1.90     -1.11193      0.15296     -0.75691      0.11399 
   2.00     -1.18762      0.16436     -0.66582     -0.05082 
   2.10     -1.25420      0.15928     -0.30801      0.12984 
   2.20     -1.28500      0.17226      0.07593      0.44662 
   2.30     -1.27741      0.21693      0.09882      0.12491 
   2.40     -1.26752      0.22942      0.05957     -0.09259 
   2.50     -1.26157      0.22016      0.33420     -0.30827 
   2.60     -1.22815      0.18933      0.51740     -0.01125 
   2.70     -1.17641      0.18821      0.85048      0.37693 
   2.80     -1.09136      0.22590      0.85180      0.25592 
   2.90     -1.00618      0.25149      0.58553      0.07330 
   3.00     -0.94763      0.25882      0.79045     -0.30293 
   3.10     -0.86858      0.22853      0.61525     -0.58819 
   3.20     -0.80706      0.16971      0.69099     -0.87313 
   3.30     -0.73796      0.08240      0.24140     -0.46142 
   3.40     -0.71382      0.03625      0.04366     -0.59119 
   3.50     -0.70945     -0.02287      0.10739     -0.38398 
   3.60     -0.69871     -0.06126      0.35816     -0.17014 
   3.70     -0.66290     -0.07828      0.31068     -0.38136 
   3.80     -0.63183     -0.11641      0.46841     -0.36765 
   3.90     -0.58499     -0.15318      0.38901      0.01703 
   4.00     -0.54609     -0.15148      0.53945     -0.28810 
   4.10     -0.49214     -0.18029      0.56222     -0.34819 
   4.20     -0.43592     -0.21511      0.68804     -0.22896 
   4.30     -0.36712     -0.23800      0.67532     -0.31347 
   4.40     -0.29959     -0.26935      0.33788     -0.49506 
   4.50     -0.26580     -0.31885      0.24612     -0.21094 
   4.60     -0.24119     -0.33995      0.23476      0.18970 
   4.70     -0.21771     -0.32098      0.40613      0.05110 
   4.80     -0.17710     -0.31587      0.10911      0.16784 
   4.90     -0.16619     -0.29909      0.09192     -0.18703 
   5.00     -0.15699     -0.31779      0.23746     -0.16460 
   5.10     -0.13325     -0.33425     -0.05933      0.20011 
   5.20     -0.13918     -0.31424     -0.33103      0.49390 
   5.30     -0.17228     -0.26485     -0.14852      0.29195 
   5.40     -0.18714     -0.23565     -0.19055     -0.07003 
   5.50     -0.20619     -0.24266      0.18994      0.07887 
   5.60     -0.18720     -0.23477     -0.09766      0.36320 
   5.70     -0.19696     -0.19845      0.16128      0.39044 
   5.80     -0.18084     -0.15940     -0.09393      0.10189 
   5.90     -0.19023     -0.14922      0.16116      0.07254 
   6.00     -0.17411     -0.14196     -0.12176      0.06832 
   6.10     -0.18629     -0.13513      0.07013     -0.01164 
   6.20     -0.17927     -0.13629     -0.10762      0.04278 
   6.30     -0.19004     -0.13202      0.04431      0.23668 
   6.40     -0.18560     -0.10835      0.21177      0.19388 
   6.50     -0.16443     -0.08896     -0.10141      0.07209 
   6.60     -0.17457     -0.08175      0.16797     -0.29523 
   6.70     -0.15777     -0.11127      0.16435     -0.13946 
   6.80     -0.14134     -0.12522      0.09077     -0.43173 
   6.90     -0.13226     -0.16839      0.42975     -0.06215 
   7.00     -0.08928     -0.17461      0.42515     -0.17523 
   7.10     -0.04677     -0.19213      0.36074     -0.25455 
   7.20     -0.01069     -0.21759      0.59343     -0.37094 
   7.30      0.04865     -0.25468      0.50008     -0.51054 
   7.40      0.09866     -0.30573      0.82418     -0.61611 
   7.50      0.18108     -0.36735      0.92704     -0.50239 
   7.60      0.27378     -0.41758      0.59885     -0.24974 
   7.70      0.33366     -0.44256      0.80190     -0.30404 
   7.80      0.41385     -0.47296      0.72240      0.02859 
   7.90      0.48609     -0.47010      0.28414      0.40887 
   8.00      0.51451     -0.42922      0.31195      0.01980 
   8.10      0.54570     -0.42724      0.30502     -0.21915 
   8.20      0.57621     -0.44915      0.54024     -0.09905 
   8.30      0.63023     -0.45906      0.60830     -0.32319 
   8.40      0.69106     -0.49138      0.81251     -0.58264 
   8.50      0.77231     -0.54964      0.42911     -0.33605 
   8.60      0.81522     -0.58324      0.24217      0.03920 
   8.70      0.83944     -0.57932      0.05226     -0.09151 
   8.80      0.84467     -0.58847     -0.23162      0.09819 
   8.90      0.82150     -0.57866      0.05074      0.24949 
   9.00      0.82658     -0.55371      0.12331      0.41603 
   9.10      0.83891     -0.51210     -0.08056      0.09904 
   9.20      0.83085     -0.50220     -0.45855     -0.25091 
   9.30      0.78500     -0.52729     -0.17549      0.04733 
   9.40      0.76745     -0.52256     -0.38212     -0.25516 
   9.50      0.72924     -0.54807     -0.30270     -0.60590 
   9.60      0.69897     -0.60866     -0.57160     -0.58055 
   9.70      0.64181     -0.66672     -0.31907     -0.37830 
   9.80      0.60990     -0.70455     -0.25351     -0.67054 
   9.90      0.58455     -0.77160     -0.27718     -0.83436 
  10.00      0.55683     -0.85504     -0.09747     -0.91332 
  10.10      0.54708     -0.94637     -0.13676     -1.02924 
  10.20      0.53341     -1.04930     -0.06277     -0.90108 
  10.30      0.52713     -1.13940      0.04318     -1.07419 
  10.40      0.53145     -1.24682      0.04207     -0.60810 
  10.50      0.53566     -1.30763      0.18950     -0.21824 
  10.60      0.55461     -1.32946     -0.06962     -0.32349 
  10.70      0.54764     -1.36181     -0.31180      0.09242 
  10.80      0.51646     -1.35256     -0.31359      0.46894 
  10.90      0.48511     -1.30567     -0.59400      0.51900 
  11.00      0.42571     -1.25377     -0.84878      0.41887 
  11.10      0.34083     -1.21188     -0.42965      0.02720 
  11.20      0.29786     -1.20916     -0.08102     -0.13817 
  11.30      0.28976     -1.22298     -0.28415      0.08406 
  11.40      0.26135     -1.21457     -0.32489     -0.15520 
  11.50      0.22886     -1.23009     -0.19320     -0.05901 
  11.60      0.20954     -1.23599     -0.21136     -0.07917 
  11.70      0.18840     -1.24391     -0.11444      0.03311 
  11.80      0.17696     -1.24060      0.17182      0.28448 
  11.90      0.19414     -1.21215      0.25129      0.42714 
  12.00      0.21927     -1.16944      0.27709      0.28771 
  12.10      0.24698     -1.14067      0.00482      0.44322 
  12.20      0.24746     -1.09635      0.04704      0.71268 
  12.30      0.25216     -1.02508     -0.15684      0.40046 
  12.40      0.23648     -0.98503     -0.06003      0.51418 
  12.50      0.23048     -0.93361      0.01151      0.34758 
  12.60      0.23163     -0.89886      0.00607     -0.01221 
  12.70      0.23223     -0.90008      0.19194      0.07580 
  12.80      0.25143     -0.89250      0.26599      0.21626 
  12.90      0.27803     -0.87087      0.47528     -0.07716 
  13.00      0.32556     -0.87859      0.48665      0.21540 
  13.10      0.37422     -0.85705      0.75678      0.28271 
  13.20      0.44990     -0.82877      0.85746     -0.09938 
  13.30      0.53564     -0.83871      0.90167      0.27967 
  13.40      0.62581     -0.81075      0.66822      0.30531 
  13.50      0.69263     -0.78022      0.45099      0.02220 
  13.60      0.73773     -0.77799      0.10268      0.30584 
  13.70      0.74800     -0.74741      0.36446      0.46450 
  13.80      0.78445     -0.70096      0.06069      0.28398 
  13.90      0.79052     -0.67256     -0.27121     -0.07238 
  14.00      0.76339     -0.67980     -0.13489      0.18273 
  14.10      0.74991     -0.66153     -0.08647      0.12438 
  14.20      0.74126     -0.64909     -0.14833     -0.04395 
  14.30      0.72642     -0.65348     -0.16018     -0.03862 
  14.40      0.71041     -0.65735     -0.41321     -0.17183 
  14.50      0.66909     -0.67453     -0.18754     -0.29882 
  14.60      0.65033     -0.70441      0.08427      0.08666 
  14.70      0.65876     -0.69575      0.36503      0.25230 
  14.80      0.69526     -0.67051      0.17366      0.57099 
  14.90      0.71263     -0.61342     -0.13245      0.17751 
  15.00      0.69938     -0.59566      0.10152      0.17880 
  15.10      0.70954     -0.57778      0.17630      0.51423 
  15.20      0.72716     -0.52636     -0.17265      0.75377 
  15.30      0.70990     -0.45098     -0.03621      0.54061 
  15.40      0.70628     -0.39692     -0.33871      0.49046 
  15.50      0.67241     -0.34788     -0.51623      0.27898 
  15.60      0.62078     -0.31998     -0.13929      0.29071 
  15.70      0.60686     -0.29091      0.00074     -0.03694 
  15.80      0.60693     -0.29460     -0.00511     -0.12687 
  15.90      0.60642     -0.30729     -0.00707      0.11305 
  16.00      0.60571     -0.29598      0.00081      0.01063 
  16.10      0.60579     -0.29492      0.14648      0.03447 
  16.20      0.62044     -0.29147      0.21415     -0.05017 
  16.30      0.64185     -0.29649     -0.19000      0.11587 
  16.40      0.62285     -0.28490     -0.48036      0.19961 
  16.50      0.57482     -0.26494     -0.15095      0.17307 
  16.60      0.55972     -0.24763      0.05573      0.15336 
  16.70      0.56530     -0.23230     -0.04271      0.35907 
  16.80      0.56103     -0.19639      0.00247      0.21247 
  16.90      0.56127     -0.17514      0.35522      0.29257 
  17.00      0.59680     -0.14589      0.06918      0.16591 
  17.10      0.60371     -0.12930     -0.22308      0.33776 
  17.20      0.58140     -0.09552      0.14913      0.39073 
  17.30      0.59632     -0.05645     -0.23152      0.21986 
  17.40      0.57317     -0.03446     -0.55236      0.30570 
  17.50      0.51793     -0.00389     -0.78247      0.54397 
  17.60      0.43968      0.05051     -0.42202      0.56462 
  17.70      0.39748      0.10697     -0.20814      0.78234 
  17.80      0.37667      0.18520     -0.56325      0.41477 
  17.90      0.32034      0.22668     -0.34588      0.46403 
  18.00      0.28575      0.27308     -0.53007      0.08142 
  18.10      0.23275      0.28122     -0.73351      0.16941 
  18.20      0.15939      0.29816     -0.78334      0.01258 
  18.30      0.08106      0.29942     -0.80759      0.13603 
  18.40      0.00030      0.31302     -0.49260      0.36013 
  18.50     -0.04896      0.34904     -0.42278      0.41018 
  18.60     -0.09124      0.39006     -0.14953      0.67947 
  18.70     -0.10619      0.45800     -0.40971      0.71235 
  18.80     -0.14716      0.52924     -0.44433      0.45034 
  18.90     -0.19159      0.57427     -0.68143      0.68043 
  19.00     -0.25974      0.64232     -0.94933      0.55647 
  19.10     -0.35467      0.69796     -0.79758      0.34767 
  19.20     -0.43443      0.73273     -0.68060      0.10033 
  19.30     -0.50249      0.74276     -0.75867     -0.21131 
  19.40     -0.57835      0.72163     -0.44420     -0.47313 
  19.50     -0.62277      0.67432     -0.56690     -0.20265 
  19.60     -0.67946      0.65405     -0.20406      0.04197 
  19.70     -0.69987      0.65825      0.00519      0.12702 
  19.80     -0.69935      0.67095     -0.10290      0.39058 
  19.90     -0.70964      0.71001     -0.30292      0.63315 
  20.00     -0.73993      0.77333     -0.48221      0.37584 
  20.10     -0.78815      0.81091     -0.40114      0.71381 
  20.20     -0.82827      0.88229     -0.70665      0.31820 
  20.30     -0.89893      0.91411     -0.61687      0.22968 
  20.40     -0.96062      0.93708     -0.86915      0.01987 
  20.50     -1.04754      0.93906     -0.47895     -0.18911 
  20.60     -1.09543      0.92015     -0.70484     -0.46060 
  20.70     -1.16591      0.87409     -0.30001     -0.73979 
  20.80     -1.19592      0.80011     -0.62083     -1.00762 
  20.90     -1.25800      0.69935     -0.68547     -0.58563 
  21.00     -1.32654      0.64079     -0.69546     -0.57914 
  21.10     -1.39609      0.58288     -0.28032     -0.26004 
  21.20     -1.42412      0.55687     -0.22577      0.03095 
  21.30     -1.44670      0.55997     -0.05329     -0.05140 
  21.40     -1.45203      0.55483     -0.23451     -0.43020 
  21.50     -1.47548      0.51181     -0.19124     -0.03489 
  21.60     -1.49460      0.50832     -0.25058     -0.23195 
  21.70     -1.51966      0.48512     -0.15925     -0.39842 
  21.80     -1.53559      0.44528     -0.00079     -0.01367 
  21.90     -1.53567      0.44391     -0.05068      0.28996 
  22.00     -1.54073      0.47291     -0.42735      0.60255 
  22.10     -1.58347      0.53316     -0.30596      0.76395 
  22.20     -1.61407      0.60956     -0.21597      0.41058 
  22.30     -1.63566      0.65062     -0.40945      0.27890 
  22.40     -1.67661      0.67851     -0.75250      0.18743 
  22.50     -1.75186      0.69725     -1.00084      0.29257 
  22.60     -1.85194      0.72651     -0.62570     -0.07375 
  22.70     -1.91451      0.71913     -0.32218      0.05916 
  22.80     -1.94673      0.72505     -0.14164      0.28772 
  22.90     -1.96089      0.75382     -0.10413      0.40273 
  23.00     -1.97130      0.79409     -0.37043      0.50925 
  23.10     -2.00835      0.84502     -0.15686      0.67345 
  23.20     -2.02403      0.91236     -0.50440      0.89169 
  23.30     -2.07447      1.00153     -0.34202      0.96252 
  23.40     -2.10868      1.09779     -0.62892      0.90654 
  23.50     -2.17157      1.18844     -0.21909      0.47412 
  23.60     -2.19348      1.23585     -0.37148      0.15186 
  23.70     -2.23062      1.25104      0.03885      0.22961 
  23.80     -2.22674      1.27400     -0.12596      0.53391 
  23.90     -2.23934      1.32739     -0.21597      0.63121 
  24.00     -2.26093      1.39051     -0.41232      0.30156 
  24.10     -2.30217      1.42067     -0.57206      0.28801 
  24.20     -2.35937      1.44947     -0.20325     -0.04566 
  24.30     -2.37970      1.44490      0.12896     -0.08623 
  24.40     -2.36680      1.43628     -0.20918      0.14090 
  24.50     -2.38772      1.45037     -0.44249      0.49428 
  24.60     -2.43197      1.49980     -0.18455      0.73175 
  24.70     -2.45042      1.57297     -0.39023      0.62497 
  24.80     -2.48945      1.63547     -0.73560      0.75662 
  24.90     -2.56301      1.71113     -0.96100      0.60714 
  25.00     -2.65911      1.77184     -1.01119      0.92800 
  25.10     -2.76022      1.86464     -1.26749      0.64317 
  25.20     -2.88697      1.92896     -1.38143      0.38341 
  25.30     -3.02512      1.96730     -1.51168      0.43827 
  25.40     -3.17628      2.01113     -1.06200      0.73456 
  25.50     -3.28248      2.08458     -1.19155      0.87772 
  25.60     -3.40164      2.17236     -0.95964      0.91137 
  25.70     -3.49760      2.26349     -0.54675      0.78573 
  25.80     -3.55228      2.34207     -0.16575      0.83433 
  25.90     -3.56885      2.42550     -0.41969      0.85651 
  26.00     -3.61082      2.51115     -0.32386      0.71047 
  26.10     -3.64321      2.58220      0.05169      0.67085 
  26.20     -3.63804      2.64928      0.10738      0.63200 
  26.30     -3.62730      2.71248     -0.09291      0.48898 
  26.40     -3.63659      2.76138     -0.19961      0.08115 
  26.50     -3.65655      2.76950      0.04905     -0.16204 
  26.60     -3.65165      2.75329     -0.28871     -0.23150 
  26.70     -3.68052      2.73014     -0.18954     -0.54071 
  26.80     -3.69947      2.67607     -0.40478     -0.75318 
  26.90     -3.73995      2.60075     -0.25249     -0.71324 
  27.00     -3.76520      2.52943     -0.14646     -0.48905 
  27.10     -3.77985      2.48052     -0.17728     -0.29726 
  27.20     -3.79757      2.45080     -0.23970     -0.00749 
  27.30     -3.82154      2.45005     -0.14431     -0.23943 
  27.40     -3.83598      2.42611      0.21828      0.07576 
  27.50     -3.81415      2.43368      0.11256      0.44577 
  27.60     -3.80289      2.47826     -0.14245      0.70771 
  27.70     -3.81714      2.54903     -0.07054      0.59206 
  27.80     -3.82419      2.60824      0.03515      0.69437 
  27.90     -3.82068      2.67767     -0.31722      0.45883 
  28.00     -3.85240      2.72356     -0.47125      0.34140 
  28.10     -3.89952      2.75770     -0.11791      0.47008 
  28.20     -3.91131      2.80471      0.07083      0.72985 
  28.30     -3.90423      2.87769     -0.01869      0.57740 
  28.40     -3.90610      2.93543      0.29601      0.37141 
  28.50     -3.87650      2.97257      0.17974      0.38893 
  28.60     -3.85852      3.01147      0.04833      0.53106 
  28.70     -3.85369      3.06457      0.23355      0.66105 
  28.80     -3.83034      3.13068      0.39565      0.31557 
  28.90     -3.79077      3.16223      0.12384      0.10786 
  29.00     -3.77839      3.17302      0.25123      0.41553 
  29.10     -3.75327      3.21457      0.12373      0.38766 
  29.20     -3.74089      3.25334     -0.19121      0.66449 
  29.30     -3.76001      3.31979     -0.40209      0.61195 
  29.40     -3.80022      3.38098     -0.24195      0.50314 
  29.50     -3.82442      3.43130     -0.07241      0.13557 
  29.60     -3.83166      3.44485     -0.39084     -0.20659 
  29.70     -3.87074      3.42419     -0.71752     -0.29818 
  29.80     -3.94249      3.39438     -0.79508     -0.11555 
  29.90     -4.02200      3.38282     -0.99236     -0.18544 
  30.00     -4.12124      3.36428     -1.22787     -0.03077 
  30.10     -4.24402      3.36120     -0.93085     -0.26107 
  30.20     -4.33711      3.33509     -0.68747     -0.14534 
  30.30     -4.40586      3.32056     -0.49874     -0.09673 
  30.40     -4.45573      3.31088     -0.76003     -0.05191 
  30.50     -4.53173      3.30569     -1.03288      0.32088 
  30.60     -4.63502      3.33778     -0.95745      0.65283 
  30.70     -4.73077      3.40306     -0.68520      0.61153 
  30.80     -4.79929      3.46422     -0.47732      0.69972 
  30.90     -4.84702      3.53419     -0.52865      0.54348 
  31.00     -4.89988      3.58854     -0.82438      0.72908 
  31.10     -4.98232      3.66145     -0.99790      0.31599 
  31.20     -5.08211      3.69304     -1.04485      0.50475 
  31.30     -5.18660      3.74352     -1.16309      0.31632 
  31.40     -5.30291      3.77515     -1.05866     -0.09552 
  31.50     -5.40877      3.76560     -0.99937     -0.07988 
  31.60     -5.50871      3.75761     -0.81737      0.12837 
  31.70     -5.59045      3.77045     -0.81226     -0.00081 
  31.80     -5.67167      3.77037     -0.46562      0.34189 
  31.90     -5.71824      3.80456     -0.32355      0.69290 
  32.00     -5.75059      3.87385     -0.63707      0.67229 
  32.10     -5.81430      3.94108     -0.29176      0.51735 
  32.20     -5.84347      3.99281     -0.41254      0.29847 
  32.30     -5.88473      4.02266     -0.73790      0.35582 
  32.40     -5.95852      4.05824     -0.74840     -0.05264 
  32.50     -6.03336      4.05298     -1.03681     -0.08169 
  32.60     -6.13704      4.04481     -0.65588      0.26480 
  32.70     -6.20263      4.07129     -0.66628      0.41437 
  32.80     -6.26925      4.11273     -0.51321      0.61180 
  32.90     -6.32058      4.17391     -0.17109      0.61460 
  33.00     -6.33768      4.23537     -0.08038      0.22705 
  33.10     -6.34572      4.25807      0.15475      0.17506 
  33.20     -6.33025      4.27558      0.20947      0.22683 
  33.30     -6.30930      4.29826      0.24213      0.44897 
  33.40     -6.28509      4.34316      0.35173      0.28291 
  33.50     -6.24991      4.37145     -0.06282      0.07438 
  33.60     -6.25620      4.37889     -0.17927     -0.14058 
  33.70     -6.27412      4.36483      0.04859     -0.22587 
  33.80     -6.26926      4.34224      0.33023     -0.50006 
  33.90     -6.23624      4.29224      0.47194     -0.35019 
  34.00     -6.18905      4.25722      0.72990     -0.56070 
  34.10     -6.11606      4.20115      0.68446     -0.19324 
  34.20     -6.04761      4.18182      0.83297      0.18643 
  34.30     -5.96431      4.20047      0.51525      0.47883 
  34.40     -5.91279      4.24835      0.69410      0.78214 
  34.50     -5.84338      4.32656      0.89488      1.00629 
  34.60     -5.75389      4.42719      0.90509      0.66202 
  34.70     -5.66338      4.49339      0.90516      0.41378 
  34.80     -5.57287      4.53477      0.62149      0.55227 
  34.90     -5.51072      4.59000      0.78251      0.24215 
  35.00     -5.43247      4.61421      0.86994      0.20317 
  35.10     -5.34547      4.63453      0.45877      0.42030 
  35.20     -5.29959      4.67656      0.68814      0.08751 
  35.30     -5.23078      4.68531      0.47019      0.13556 
  35.40     -5.18376      4.69887      0.40224      0.32498 
  35.50     -5.14354      4.73137      0.12334      0.46892 
  35.60     -5.13120      4.77826      0.49445      0.04662 
  35.70     -5.08176      4.78292      0.55936      0.19040 
  35.80     -5.02582      4.80196      0.25101     -0.16008 
  35.90     -5.00072      4.78595      0.05161     -0.00726 
  36.00     -4.99556      4.78523      0.30898      0.03736 
  36.10     -4.96466      4.78896      0.17833      0.25012 
  36.20     -4.94683      4.81397     -0.04669      0.33219 
  36.30     -4.95150      4.84719     -0.24987      0.07015 
  36.40     -4.97649      4.85421      0.13998     -0.10592 
  36.50     -4.96249      4.84362     -0.24359      0.11320 
  36.60     -4.98685      4.85494     -0.48892     -0.24903 
  36.70     -5.03574      4.83003     -0.82016     -0.34142 
  36.80     -5.11776      4.79589     -0.62670     -0.42870 
  36.90     -5.18043      4.75302     -0.63021     -0.45050 
  37.00     -5.24345      4.70797     -0.88425     -0.37045 
  37.10     -5.33187      4.67093     -0.64147     -0.45889 
  37.20     -5.39602      4.62504     -0.45531     -0.12156 
  37.30     -5.44155      4.61288     -0.38230     -0.05517 
  37.40     -5.47978      4.60736     -0.68955     -0.07616 
  37.50     -5.54873      4.59975     -0.80651     -0.12525 
  37.60     -5.62939      4.58722     -0.44442     -0.12311 
  37.70     -5.67383      4.57491     -0.71954     -0.05982 
  37.80     -5.74578      4.56893     -0.48539      0.16186 
  37.90     -5.79432      4.58512     -0.15472      0.41721 
  38.00     -5.80979      4.62684     -0.29959      0.65773 
  38.10     -5.83975      4.69261     -0.15737      0.78317 
  38.20     -5.85549      4.77093      0.11292      0.91060 
  38.30     -5.84420      4.86199      0.38972      1.13582 
  38.40     -5.80522      4.97557      0.67029      1.03925 
  38.50     -5.73820      5.07950      0.55692      0.63140 
  38.60     -5.68250      5.14264      0.38815      0.81850 
  38.70     -5.64369      5.22449      0.29334      0.48090 
  38.80     -5.61435      5.27258     -0.12263      0.55478 
  38.90     -5.62662      5.32805      0.10153      0.16137 
  39.00     -5.61647      5.34419     -0.22635      0.05666 
  39.10     -5.63910      5.34986     -0.06128      0.28927 
  39.20     -5.64523      5.37878     -0.32309     -0.01630 
  39.30     -5.67754      5.37715     -0.64054     -0.13385 
  39.40     -5.74159      5.36377     -0.94941      0.25012 
  39.50     -5.83653      5.38878     -0.74012     -0.12063 
  39.60     -5.91054      5.37672     -0.34530     -0.00208 
  39.70     -5.94508      5.37651     -0.36367     -0.37286 
  39.80     -5.98144      5.33922     -0.52669     -0.41927 
  39.90     -6.03411      5.29730     -0.35472     -0.15900 
  40.00     -6.06958      5.28140     -0.68887      0.10946 
  40.10     -6.13847      5.29234     -0.90005      0.20251 
  40.20     -6.22847      5.31260     -0.77100      0.55677 
  40.30     -6.30557      5.36827     -0.72223      0.28017 
  40.40     -6.37780      5.39629     -0.80439      0.47071 
  40.50     -6.45824      5.44336     -0.84592      0.40862 
  40.60     -6.54283      5.48422     -0.67765      0.05986 
  40.70     -6.61059      5.49021     -0.23465      0.25204 
  40.80     -6.63406      5.51541     -0.48161      0.19306 
  40.90     -6.68222      5.53472     -0.26952      0.56009 
  41.00     -6.70917      5.59073     -0.02916      0.61380 
  41.10     -6.71209      5.65211      0.06764      0.89797 
  41.20     -6.70532      5.74190      0.20663      0.64536 
  41.30     -6.68466      5.80644      0.23798      0.41845 
  41.40     -6.66086      5.84829      0.25155      0.54110 
  41.50     -6.63571      5.90240      0.02998      0.52315 
  41.60     -6.63271      5.95471      0.02128      0.82100 
  41.70     -6.63058      6.03681      0.15069      0.94429 
  41.80     -6.61551      6.13124      0.23118      0.80784 
  41.90     -6.59239      6.21202      0.43948      0.91725 
  42.00     -6.54845      6.30375      0.77425      0.59673 
  42.10     -6.47102      6.36342      0.79712      0.85450 
  42.20     -6.39131      6.44887      0.78812      1.09313 
  42.30     -6.31250      6.55818      0.71360      0.97561 
  42.40     -6.24114      6.65574      0.60330      1.17963 
  42.50     -6.18081      6.77371      0.88410      0.81606 
  42.60     -6.09240      6.85531      0.60356      0.50441 
  42.70     -6.03204      6.90575      0.72174      0.79566 
  42.80     -5.95987      6.98532      0.74645      0.36083 
  42.90     -5.88522      7.02140      0.78129     -0.03581 
  43.00     -5.80709      7.01782      0.74681      0.00222 
  43.10     -5.73241      7.01804      0.63056     -0.33776 
  43.20     -5.66936      6.98427      0.95173     -0.59233 
  43.30     -5.57418      6.92504      0.93472     -0.88139 
  43.40     -5.48071      6.83690      0.58780     -0.66913 
  43.50     -5.42193      6.76998      0.39923     -0.74477 
  43.60     -5.38201      6.69551      0.47827     -0.73960 
  43.70     -5.33418      6.62155      0.37429     -0.88126 
  43.80     -5.29675      6.53342      0.47514     -1.05151 
  43.90     -5.24924      6.42827      0.42572     -0.94043 
  44.00     -5.20667      6.33423      0.61764     -0.89668 
  44.10     -5.14490      6.24456      0.17208     -0.93135 
  44.20     -5.12769      6.15142      0.05874     -1.12592 
  44.30     -5.12182      6.03883      0.30641     -0.83261 
  44.40     -5.09118      5.95557      0.57875     -0.63833 
  44.50     -5.03330      5.89174      0.63752     -0.56328 
  44.60     -4.96955      5.83541      0.75500     -0.32324 
  44.70     -4.89405      5.80309      1.03356     -0.31738 
  44.80     -4.79070      5.77135      0.82429     -0.58604 
  44.90     -4.70827      5.71274      1.05531     -0.27862 
  45.00     -4.60274      5.68488      0.91476     -0.55387 
  45.10     -4.51126      5.62949      1.10945     -0.29603 
  45.20     -4.40032      5.59989      0.64151     -0.33097 
  45.30     -4.33616      5.56680      0.91518     -0.63269 
  45.40     -4.24465      5.50353      0.56407     -0.79306 
  45.50     -4.18824      5.42422      0.21092     -0.64318 
  45.60     -4.16715      5.35990     -0.10579     -0.48725 
  45.70     -4.17773      5.31118     -0.03317     -0.29112 
  45.80     -4.18104      5.28206      0.14951      0.05995 
  45.90     -4.16609      5.28806      0.26603     -0.10212 
  46.00     -4.13949      5.27785      0.47867     -0.18627 
  46.10     -4.09162      5.25922      0.81616      0.04345 
  46.20     -4.01001      5.26356      0.50559     -0.21607 
  46.30     -3.95945      5.24196      0.36847     -0.44139 
  46.40     -3.92260      5.19782      0.39435     -0.63302 
  46.50     -3.88317      5.13452      0.71134     -0.80965 
  46.60     -3.81203      5.05355      0.54859     -0.88051 
  46.70     -3.75717      4.96550      0.20002     -1.02627 
  46.80     -3.73717      4.86287     -0.17146     -0.71359 
  46.90     -3.75432      4.79151      0.04788     -0.34708 
  47.00     -3.74953      4.75681     -0.34283     -0.35217 
  47.10     -3.78381      4.72159     -0.36558     -0.08338 
  47.20     -3.82037      4.71325     -0.35896     -0.07903 
  47.30     -3.85626      4.70535     -0.12989     -0.27368 
  47.40     -3.86925      4.67798     -0.07089     -0.56177 
  47.50     -3.87634      4.62180      0.26310     -0.20054 
  47.60     -3.85003      4.60175      0.51334     -0.52159 
  47.70     -3.79870      4.54959      0.45495     -0.36715 
  47.80     -3.75320      4.51288      0.60094     -0.13209 
  47.90     -3.69311      4.49967      0.35165      0.19863 
  48.00     -3.65795      4.51953      0.54266     -0.05390 
  48.10     -3.60368      4.51414      0.52932     -0.39612 
  48.20     -3.55075      4.47453      0.49356     -0.13159 
  48.30     -3.50139      4.46137      0.60234     -0.48710 
  48.40     -3.44116      4.41266      0.72162     -0.39706 
  48.50     -3.36899      4.37295      0.97030     -0.06646 
  48.60     -3.27196      4.36631      1.10327     -0.21052 
  48.70     -3.16164      4.34525      0.91157     -0.20350 
  48.80     -3.07048      4.32490      0.47384     -0.06544 
  48.90     -3.02310      4.31836      0.03982      0.14915 
  49.00     -3.01911      4.33327      0.23428     -0.08286 
  49.10     -2.99569      4.32499     -0.05657     -0.41731 
  49.20     -3.00134      4.28326      0.08125     -0.73756 
  49.30     -2.99322      4.20950     -0.04627     -0.51054 
  49.40     -2.99785      4.15845      0.18930     -0.50886 
  49.50     -2.97891      4.10756      0.54351     -0.35298 
  49.60     -2.92456      4.07226      0.33060     -0.33551 
  49.70     -2.89150      4.03871      0.58751     -0.62785 
  49.80     -2.83275      3.97593      0.21969     -0.84142 
  49.90     -2.81078      3.89179     -0.07881     -0.43350 
  50.00     -2.81866      3.84844     -0.21909     -0.48789 
  50.10     -2.84057      3.79965      0.04592     -0.79027 
  50.20     -2.83598      3.72062      0.28471     -0.91264 
  50.30     -2.80751      3.62936      0.56444     -1.00999 
  50.40     -2.75107      3.52836      0.32934     -1.13516 
  50.50     -2.71813      3.41484      0.08678     -0.75351 
  50.60     -2.70945      3.33949      0.36846     -0.37786 
  50.70     -2.67261      3.30170      0.59868     -0.25543 
  50.80     -2.61274      3.27616      0.18319     -0.48277 
  50.90     -2.59442      3.22788     -0.08010     -0.54611 
  51.00     -2.60243      3.17327     -0.11139     -0.73545 
  51.10     -2.61357      3.09973      0.20531     -0.56660 
  51.20     -2.59304      3.04307      0.22067     -0.19105 
  51.30     -2.57097      3.02396      0.21611      0.00671 
  51.40     -2.54936      3.02463      0.58128      0.36958 
  51.50     -2.49123      3.06159      0.80776      0.59614 
  51.60     -2.41046      3.12121      0.45329      0.43924 
  51.70     -2.36513      3.16513      0.24094      0.14045 
  51.80     -2.34104      3.17917      0.58381      0.31371 
  51.90     -2.28265      3.21055      0.69321     -0.08104 
  52.00     -2.21333      3.20244      0.73624      0.16929 
  52.10     -2.13971      3.21937      0.84536      0.39881 
  52.20     -2.05517      3.25925      0.47007      0.52849 
  52.30     -2.00817      3.31210      0.32630      0.59170 
  52.40     -1.97554      3.37127      0.61546      0.83437 
  52.50     -1.91399      3.45471      0.19153      0.96278 
  52.60     -1.89484      3.55098      0.13277      0.48506 
  52.70     -1.88156      3.59949     -0.09072      0.37340 
  52.80     -1.89063      3.63683     -0.34765      0.66065 
  52.90     -1.92540      3.70290     -0.31158      0.39541 
  53.00     -1.95656      3.74244     -0.08330      0.67076 
  53.10     -1.96489      3.80951     -0.29691      0.24125 
  53.20     -1.99458      3.83364     -0.05717      0.00663 
  53.30     -2.00029      3.83430     -0.00761      0.24329 
  53.40     -2.00105      3.85863      0.26582      0.08853 
  53.50     -1.97447      3.86748      0.26939      0.46062 
  53.60     -1.94753      3.91355      0.52855      0.52832 
  53.70     -1.89468      3.96638      0.26479      0.71778 
  53.80     -1.86820      4.03816      0.13842      0.54290 
  53.90     -1.85436      4.09245     -0.23563      0.53609 
  54.00     -1.87792      4.14606     -0.29117      0.18797 
  54.10     -1.90704      4.16485     -0.39766      0.47825 
  54.20     -1.94680      4.21268     -0.58913      0.77139 
  54.30     -2.00572      4.28982     -0.82064      0.96484 
  54.40     -2.08778      4.38630     -0.43342      0.82619 
  54.50     -2.13112      4.46892     -0.60533      0.84795 
  54.60     -2.19166      4.55371     -0.49826      0.85924 
  54.70     -2.24148      4.63964     -0.50757      0.39879 
  54.80     -2.29224      4.67952     -0.17476      0.07976 
  54.90     -2.30972      4.68749     -0.33745     -0.08936 
  55.00     -2.34346      4.67856     -0.16299     -0.03282 
  55.10     -2.35976      4.67528      0.20872      0.05352 
  55.20     -2.33889      4.68063      0.41111     -0.01170 
  55.30     -2.29778      4.67946      0.61662      0.17496 
  55.40     -2.23612      4.69695      0.27283      0.17026 
  55.50     -2.20883      4.71398     -0.12620     -0.22865 
  55.60     -2.22145      4.69111      0.07877     -0.33447 
  55.70     -2.21358      4.65767      0.38237     -0.33025 
  55.80     -2.17534      4.62464      0.55166     -0.64540 
  55.90     -2.12017      4.56010      0.59794     -0.94944 
  56.00     -2.06038      4.46516      0.67945     -0.49114 
  56.10     -1.99243      4.41605      0.61185     -0.28216 
  56.20     -1.93125      4.38783      0.36936     -0.00426 
  56.30     -1.89431      4.38740      0.44600      0.07147 
  56.40     -1.84971      4.39455      0.21830      0.33097 
  56.50     -1.82788      4.42765      0.16554      0.49010 
  56.60     -1.81133      4.47666      0.03404      0.06502 
  56.70     -1.80792      4.48316      0.01247      0.15649 
  56.80     -1.80668      4.49881     -0.06323      0.05069 
  56.90     -1.81300      4.50388     -0.42281     -0.11795 
  57.00     -1.85528      4.49208     -0.30551      0.19119 
  57.10     -1.88583      4.51120     -0.32750      0.50635 
  57.20     -1.91858      4.56184     -0.38540      0.48137 
  57.30     -1.95712      4.60997     -0.72635      0.80058 
  57.40     -2.02976      4.69003     -0.37084      0.67205 
  57.50     -2.06684      4.75724     -0.17911      0.47546 
  57.60     -2.08475      4.80478     -0.08193      0.42679 
  57.70     -2.09295      4.84746     -0.02755      0.02702 
  57.80     -2.09570      4.85016     -0.11913     -0.18247 
  57.90     -2.10762      4.83192      0.23155      0.11427 
  58.00     -2.08446      4.84334      0.56789      0.18713 
  58.10     -2.02767      4.86206      0.57615     -0.15967 
  58.20     -1.97006      4.84609      0.44651     -0.29451 
  58.30     -1.92541      4.81664      0.40076     -0.59035 
  58.40     -1.88533      4.75760      0.65099     -0.68293 
  58.50     -1.82023      4.68931      0.80396     -0.27932 
  58.60     -1.73984      4.66138      0.79206     -0.47120 
  58.70     -1.66063      4.61426      0.54190     -0.37705 
  58.80     -1.60644      4.57655      0.77773     -0.53294 
  58.90     -1.52867      4.52326      0.54612     -0.30371 
  59.00     -1.47405      4.49289      0.77548     -0.48164 
  59.10     -1.39651      4.44473      0.45836     -0.47469 
  59.20     -1.35067      4.39726      0.71488     -0.36965 
  59.30     -1.27918      4.36029      0.27839      0.05093 
  59.40     -1.25134      4.36538     -0.09086      0.13816 
  59.50     -1.26043      4.37920     -0.27005     -0.13140 
  59.60     -1.28743      4.36606     -0.54040     -0.32625 
  59.70     -1.34147      4.33344     -0.49032      0.06254 
  59.80     -1.39051      4.33969     -0.79041     -0.26934 
  59.90     -1.46955      4.31275     -0.83712     -0.41302 
  60.00     -1.55326      4.27145     -0.74136     -0.37904 
  60.10     -1.62739      4.23355     -0.73518     -0.01215 
  60.20     -1.70091      4.23233     -0.58338     -0.17194 
  60.30     -1.75925      4.21514     -0.54382     -0.23092 
  60.40     -1.81363      4.19205     -0.13985     -0.17037 
  60.50     -1.82762      4.17501      0.13357      0.07473 
  60.60     -1.81426      4.18248      0.35388      0.13918 
  60.70     -1.77887      4.19640      0.60516     -0.01567 
  60.80     -1.71836      4.19483      0.88483     -0.19387 
  60.90     -1.62987      4.17545      1.13974     -0.00502 
  61.00     -1.51590      4.17495      0.73733      0.20842 
  61.10     -1.44217      4.19579      0.64259     -0.06347 
  61.20     -1.37791      4.18944      0.21170     -0.41217 
  61.30     -1.35674      4.14822      0.15551     -0.09032 
  61.40     -1.34119      4.13919     -0.14191     -0.45738 
  61.50     -1.35538      4.09345     -0.35020     -0.16491 
  61.60     -1.39040      4.07696     -0.08497      0.06821 
  61.70     -1.39889      4.08378      0.04630     -0.09451 
  61.80     -1.39426      4.07433      0.25966      0.24144 
  61.90     -1.36830      4.09848      0.49871      0.01793 
  62.00     -1.31843      4.10027      0.44788     -0.35333 
  62.10     -1.27364      4.06494      0.07444     -0.68138 
  62.20     -1.26620      3.99680     -0.04438     -0.44645 
  62.30     -1.27063      3.95215     -0.10981     -0.64935 
  62.40     -1.28161      3.88722     -0.25536     -0.83065 
  62.50     -1.30715      3.80416     -0.04013     -1.03052 
  62.60     -1.31116      3.70110     -0.37831     -0.90762 
  62.70     -1.34899      3.61034     -0.44980     -0.57927 
  62.80     -1.39397      3.55241     -0.66910     -0.21160 
  62.90     -1.46088      3.53125     -0.88739     -0.55510 
  63.00     -1.54962      3.47574     -1.04541     -0.25320 
  63.10     -1.65416      3.45042     -1.13513     -0.17312 
  63.20     -1.76768      3.43311     -1.14020     -0.12488 
  63.30     -1.88170      3.42062     -0.89844      0.17480 
  63.40     -1.97154      3.43810     -0.47357      0.50223 
  63.50     -2.01890      3.48833     -0.73202      0.18340 
  63.60     -2.09210      3.50667     -0.61392      0.39764 
  63.70     -2.15349      3.54643     -0.24645      0.02674 
  63.80     -2.17814      3.54911      0.06658      0.27381 
  63.90     -2.17148      3.57649     -0.02661      0.28422 
  64.00     -2.17414      3.60491      0.10925      0.21779 
  64.10     -2.16321      3.62669     -0.07102      0.54417 
  64.20     -2.17032      3.68110      0.30955      0.66640 
  64.30     -2.13936      3.74774      0.35203      0.42344 
  64.40     -2.10416      3.79009      0.03175      0.14712 
  64.50     -2.10098      3.80480      0.10643      0.12261 
  64.60     -2.09034      3.81706     -0.01627     -0.09885 
  64.70     -2.09197      3.80718     -0.03135      0.05960 
  64.80     -2.09510      3.81314      0.31892      0.18620 
  64.90     -2.06321      3.83176      0.66083     -0.03573 
  65.00     -1.99713      3.82818      0.60525     -0.23679 
  65.10     -1.93660      3.80450      0.85305     -0.22523 
  65.20     -1.85130      3.78198      0.63332     -0.17367 
  65.30     -1.78796      3.76461      0.62482     -0.28292 
  65.40     -1.72548      3.73632      0.44472     -0.51085 
  65.50     -1.68101      3.68524      0.23771     -0.67721 
  65.60     -1.65724      3.61752      0.54145     -0.42384 
  65.70     -1.60309      3.57513      0.72511     -0.26492 
  65.80     -1.53058      3.54864      0.79721     -0.41652 
  65.90     -1.45086      3.50699      0.92421     -0.71226 
  66.00     -1.35844      3.43576      1.00356     -0.36291 
  66.10     -1.25808      3.39947      0.78048     -0.67954 
  66.20     -1.18004      3.33152      0.69027     -0.98279 
  66.30     -1.11101      3.23324      0.88321     -0.79270 
  66.40     -1.02269      3.15397      0.82631     -0.63283 
  66.50     -0.94006      3.09068      0.79688     -0.35470 
  66.60     -0.86037      3.05521      0.82567     -0.16684 
  66.70     -0.77780      3.03853      0.94445      0.13490 
  66.80     -0.68336      3.05202      0.58509      0.06216 
  66.90     -0.62485      3.05824      0.74847     -0.31476 
  67.00     -0.55000      3.02676      0.62588     -0.63794 
  67.10     -0.48741      2.96297      0.56818     -0.75287 
  67.20     -0.43060      2.88768      0.17694     -0.87522 
  67.30     -0.41290      2.80016      0.53265     -0.78270 
  67.40     -0.35964      2.72189      0.56887     -1.03672 
  67.50     -0.30275      2.61821      0.40935     -0.58019 
  67.60     -0.26181      2.56020      0.64733     -0.64806 
  67.70     -0.19708      2.49539      0.38266     -0.74629 
  67.80     -0.15881      2.42076     -0.00342     -0.29001 
  67.90     -0.15916      2.39176     -0.25679     -0.59493 
  68.00     -0.18484      2.33227     -0.44790     -0.68965 
  68.10     -0.22963      2.26330     -0.18091     -0.50479 
  68.20     -0.24772      2.21282     -0.48530     -0.63807 
  68.30     -0.29625      2.14901     -0.71835     -0.79306 
  68.40     -0.36808      2.06971     -0.59804     -0.96298 
  68.50     -0.42789      1.97341     -0.43577     -1.17117 
  68.60     -0.47146      1.85629     -0.42804     -0.85355 
  68.70     -0.51427      1.77094     -0.51397     -1.11103 
  68.80     -0.56566      1.65984     -0.63104     -0.84943 
  68.90     -0.62877      1.57489     -0.27881     -0.71213 
  69.00     -0.65665      1.50368      0.03450     -0.96531 
  69.10     -0.65320      1.40715      0.25987     -0.48174 
  69.20     -0.62721      1.35897      0.33846     -0.34151 
  69.30     -0.59337      1.32482      0.37802     -0.23522 
  69.40     -0.55556      1.30130      0.10339      0.15924 
  69.50     -0.54523      1.31723     -0.11492     -0.21122 
  69.60     -0.55672      1.29610     -0.30556     -0.37977 
  69.70     -0.58727      1.25813     -0.34719     -0.11332 
  69.80     -0.62199      1.24680     -0.48871      0.20789 
  69.90     -0.67086      1.26758     -0.53323      0.36337 
  70.00     -0.72419      1.30392     -0.70726     -0.01925 
  70.10     -0.79491      1.30200     -0.55553     -0.13043 
  70.20     -0.85047      1.28895     -0.60746      0.01283 
  70.30     -0.91121      1.29024     -0.17797     -0.20252 
  70.40     -0.92901      1.26998      0.14640     -0.30081 
  70.50     -0.91437      1.23990      0.48305     -0.14283 
  70.60     -0.86606      1.22562      0.20366     -0.29713 
  70.70     -0.84570      1.19591      0.07132     -0.24263 
  70.80     -0.83856      1.17164     -0.09770     -0.43527 
  70.90     -0.84833      1.12812     -0.39807     -0.69638 
  71.00     -0.88814      1.05848     -0.19611     -0.36043 
  71.10     -0.90775      1.02244     -0.04337     -0.07717 
  71.20     -0.91209      1.01472     -0.42187     -0.07616 
  71.30     -0.95428      1.00710     -0.29863      0.26866 
  71.40     -0.98414      1.03397     -0.43095      0.32377 
  71.50     -1.02723      1.06635     -0.19660      0.58096 
  71.60     -1.04689      1.12444      0.14237      0.77856 
  71.70     -1.03266      1.20230      0.21018      0.54957 
  71.80     -1.01164      1.25726      0.40933      0.22360 
  71.90     -0.97071      1.27962      0.40141      0.34767 
  72.00     -0.93057      1.31438      0.27965      0.69493 
  72.10     -0.90260      1.38388     -0.05666      0.55697 
  72.20     -0.90827      1.43957     -0.41704      0.64645 
  72.30     -0.94997      1.50422     -0.56210      0.32542 
  72.40     -1.00618      1.53676     -0.71608      0.05198 
  72.50     -1.07779      1.54196     -0.36391      0.25073 
  72.60     -1.11418      1.56703     -0.67794      0.21267 
  72.70     -1.18197      1.58830     -0.95394      0.54868 
  72.80     -1.27737      1.64317     -1.18001      0.54453 
  72.90     -1.39537      1.69762     -0.70372      0.54732 
  73.00     -1.46574      1.75235     -0.34004      0.42187 
  73.10     -1.49974      1.79454     -0.38105      0.31268 
  73.20     -1.53785      1.82581     -0.22015      0.53188 
  73.30     -1.55986      1.87899      0.14670      0.31070 
  73.40     -1.54519      1.91006     -0.25354      0.36968 
  73.50     -1.57055      1.94703     -0.57719      0.45360 
  73.60     -1.62827      1.99239     -0.57993      0.76029 
  73.70     -1.68626      2.06842     -0.44141      0.45256 
  73.80     -1.73040      2.11368     -0.46359      0.28380 
  73.90     -1.77676      2.14206     -0.32185      0.49431 
  74.00     -1.80894      2.19149     -0.67321      0.13911 
  74.10     -1.87626      2.20540     -0.68767     -0.04764 
  74.20     -1.94503      2.20063     -0.76082      0.20828 
  74.30     -2.02111      2.22146     -0.41091      0.04147 
  74.40     -2.06220      2.22561     -0.60400      0.08742 
  74.50     -2.12260      2.23435     -0.56756      0.46220 
  74.60     -2.17936      2.28057     -0.56252      0.31410 
  74.70     -2.23561      2.31198     -0.56918      0.19351 
  74.80     -2.29253      2.33133     -0.44996      0.46676 
  74.90     -2.33753      2.37801     -0.53091      0.33750 
  75.00     -2.39062      2.41176     -0.12843      0.31083 
  75.10     -2.40346      2.44284     -0.17865      0.36363 
  75.20     -2.42133      2.47921      0.05359      0.00477 
  75.30     -2.41597      2.47968     -0.22196     -0.22195 
  75.40     -2.43816      2.45749     -0.51940     -0.34130 
  75.50     -2.49010      2.42336     -0.48929     -0.20714 
  75.60     -2.53903      2.40264     -0.56990     -0.51228 
  75.70     -2.59602      2.35141     -0.42420     -0.73772 
  75.80     -2.63844      2.27764     -0.55164     -0.41222 
  75.90     -2.69361      2.23642     -0.54367      0.01197 
  76.00     -2.74797      2.23762     -0.70545     -0.29338 
  76.10     -2.81852      2.20828     -0.62019     -0.44639 
  76.20     -2.88054      2.16364     -0.93978     -0.34269 
  76.30     -2.97452      2.12937     -0.63622     -0.61243 
  76.40     -3.03814      2.06813     -0.20915     -0.65233 
  76.50     -3.05905      2.00289      0.12469     -0.57028 
  76.60     -3.04658      1.94587     -0.10260     -0.66614 
  76.70     -3.05685      1.87925     -0.10902     -0.74622 
  76.80     -3.06775      1.80463     -0.16442     -0.46654 
  76.90     -3.08419      1.75798      0.11664     -0.50578 
  77.00     -3.07253      1.70740      0.04879     -0.28156 
  77.10     -3.06765      1.67924      0.22588     -0.56990 
  77.20     -3.04506      1.62225     -0.12070     -0.31688 
  77.30     -3.05713      1.59057      0.16014     -0.17845 
  77.40     -3.04111      1.57272      0.03539     -0.17995 
  77.50     -3.03757      1.55473     -0.28233     -0.22757 
  77.60     -3.06581      1.53197     -0.49549     -0.32633 
  77.70     -3.11536      1.49934     -0.12573     -0.50337 
  77.80     -3.12793      1.44900     -0.26009     -0.72083 
  77.90     -3.15394      1.37692     -0.35683     -0.89485 
  78.00     -3.18962      1.28743     -0.49753     -1.03314 
  78.10     -3.23937      1.18412     -0.70149     -1.05742 
  78.20     -3.30952      1.07838     -0.96796     -0.95020 
  78.30     -3.40632      0.98336     -0.51199     -0.61563 
  78.40     -3.45752      0.92179     -0.50227     -0.23417 
  78.50     -3.50775      0.89838     -0.70048     -0.22476 
  78.60     -3.57779      0.87590     -0.65205     -0.04795 
  78.70     -3.64300      0.87111     -0.78158      0.29512 
  78.80     -3.72116      0.90062     -0.87581      0.11033 
  78.90     -3.80874      0.91165     -0.53847      0.34688 
  79.00     -3.86258      0.94634     -0.38400      0.54075 
  79.10     -3.90098      1.00041     -0.72732      0.30152 
  79.20     -3.97372      1.03057     -0.81762      0.62224 
  79.30     -4.05548      1.09279     -0.45742      0.57353 
  79.40     -4.10122      1.15014     -0.25094      0.32731 
  79.50     -4.12631      1.18287      0.10030      0.28780 
  79.60     -4.11628      1.21165     -0.22457      0.51153 
  79.70     -4.13874      1.26281     -0.53001      0.29200 
  79.80     -4.19174      1.29201     -0.56697      0.37378 
  79.90     -4.24844      1.32938     -0.49858      0.28336 
  80.00     -4.29830      1.35772     -0.72702      0.62294 
  80.10     -4.37100      1.42001     -0.98382      0.17737 
  80.20     -4.46938      1.43775     -0.56414      0.09121 
  80.30     -4.52579      1.44687     -0.30994     -0.15985 
  80.40     -4.55679      1.43089     -0.58746     -0.20340 
  80.50     -4.61553      1.41055     -0.39088     -0.16182 
  80.60     -4.65462      1.39436     -0.10066      0.11554 
  80.70     -4.66469      1.40592     -0.26759      0.10360 
  80.80     -4.69145      1.41628      0.04611     -0.17865 
  80.90     -4.68684      1.39841      0.40618     -0.13106 
  81.00     -4.64622      1.38531      0.14920     -0.45355 
  81.10     -4.63130      1.33995     -0.09452     -0.64234 
  81.20     -4.64075      1.27572     -0.32294     -0.81085 
  81.30     -4.67304      1.19463      0.06318     -0.65734 
  81.40     -4.66673      1.12890      0.24183     -0.75088 
  81.50     -4.64254      1.05381      0.35694     -0.45416 
  81.60     -4.60685      1.00839      0.64760     -0.07688 
  81.70     -4.54209      1.00071      0.84956     -0.25588 
  81.80     -4.45713      0.97512      0.45898     -0.56965 
  81.90     -4.41123      0.91815      0.72584     -0.78510 
  82.00     -4.33865      0.83964      0.95749     -0.81548 
  82.10     -4.24290      0.75809      1.21549     -0.82567 
  82.20     -4.12135      0.67553      0.96339     -0.60014 
  82.30     -4.02501      0.61551      1.16724     -0.63300 
  82.40     -3.90829      0.55221      0.99883     -0.43442 
  82.50     -3.80841      0.50877      0.71854     -0.40427 
  82.60     -3.73655      0.46835      0.66826     -0.12987 
  82.70     -3.66973      0.45536      0.82926      0.07392 
  82.80     -3.58680      0.46275      0.73601      0.32043 
  82.90     -3.51320      0.49479      0.70814      0.11703 
  83.00     -3.44238      0.50650      0.51895     -0.24003 
  83.10     -3.39049      0.48249      0.78561     -0.01239 
  83.20     -3.31193      0.48125      0.60518     -0.17971 
  83.30     -3.25141      0.46328      0.32099     -0.29763 
  83.40     -3.21931      0.43352     -0.05956      0.02773 
  83.50     -3.22527      0.43629     -0.24817     -0.04954 
  83.60     -3.25008      0.43134     -0.49844      0.24610 
  83.70     -3.29993      0.45595     -0.36485      0.44121 
  83.80     -3.33641      0.50007     -0.56319      0.35968 
  83.90     -3.39273      0.53604     -0.30410      0.27207 
  84.00     -3.42314      0.56324     -0.16799      0.48077 
  84.10     -3.43994      0.61132     -0.40336      0.29534 
  84.20     -3.48028      0.64086     -0.00424      0.42801 
  84.30     -3.48070      0.68366     -0.23809      0.66629 
  84.40     -3.50451      0.75029     -0.56494      0.78806 
  84.50     -3.56100      0.82909     -0.86783      0.42330 
  84.60     -3.64779      0.87142     -1.10454      0.42178 
  84.70     -3.75824      0.91360     -0.94067      0.40517 
  84.80     -3.85231      0.95412     -1.06436      0.03714 
  84.90     -3.95874      0.95783     -1.10928     -0.30395 
  85.00     -4.06967      0.92743     -1.06708     -0.55729 
  85.10     -4.17638      0.87171     -1.15272     -0.25319 
  85.20     -4.29165      0.84639     -1.03065     -0.40702 
  85.30     -4.39472      0.80568     -0.54962     -0.04368 
  85.40     -4.44968      0.80132     -0.78766     -0.20629 
  85.50     -4.52844      0.78069     -0.54858     -0.20817 
  85.60     -4.58330      0.75987     -0.65271     -0.30769 
  85.70     -4.64857      0.72910     -0.56800     -0.03593 
  85.80     -4.70537      0.72551     -0.49785     -0.36749 
  85.90     -4.75516      0.68876     -0.19306     -0.28860 
  86.00     -4.77446      0.65990     -0.48077     -0.25233 
  86.10     -4.82254      0.63467     -0.08669     -0.05428 
  86.20     -4.83121      0.62924     -0.09822     -0.08657 
  86.30     -4.84103      0.62058      0.23606     -0.04008 
  86.40     -4.81743      0.61657      0.10810      0.26166 
  86.50     -4.80662      0.64274      0.22101     -0.05689 
  86.60     -4.78452      0.63705      0.20464     -0.35141 
  86.70     -4.76405      0.60191      0.01360     -0.28028 
  86.80     -4.76269      0.57388      0.23787     -0.35358 
  86.90     -4.73890      0.53852      0.49148     -0.12896 
  87.00     -4.68976      0.52563      0.41433     -0.22477 
  87.10     -4.64832      0.50315      0.32804     -0.13573 
  87.20     -4.61552      0.48958      0.20154     -0.01988 
  87.30     -4.59536      0.48759      0.22601     -0.03138 
  87.40     -4.57276      0.48445      0.46419     -0.27169 
  87.50     -4.52634      0.45728      0.03799     -0.54719 
  87.60     -4.52255      0.40256     -0.32164     -0.70798 
  87.70     -4.55471      0.33176     -0.47851     -0.70667 
  87.80     -4.60256      0.26110     -0.26985     -0.68037 
  87.90     -4.62955      0.19306     -0.52710     -0.57821 
  88.00     -4.68226      0.13524     -0.19803     -0.28287 
  88.10     -4.70206      0.10695     -0.39646      0.07371 
  88.20     -4.74171      0.11432     -0.50138     -0.21002 
  88.30     -4.79184      0.09332     -0.36847     -0.56835 
  88.40     -4.82869      0.03649      0.02126     -0.48266 
  88.50     -4.82656     -0.01178     -0.06849     -0.81209 
  88.60     -4.83341     -0.09299     -0.26530     -0.43212 
  88.70     -4.85994     -0.13620     -0.16716     -0.65801 
  88.80     -4.87666     -0.20200     -0.52493     -0.56494 
  88.90     -4.92915     -0.25849     -0.14965     -0.39014 
  89.00     -4.94412     -0.29751     -0.34811     -0.42428 
  89.10     -4.97893     -0.33994      0.04752     -0.69395 
  89.20     -4.97418     -0.40933     -0.03502     -0.61982 
  89.30     -4.97768     -0.47131     -0.15909     -0.69075 
  89.40     -4.99359     -0.54039     -0.04603     -0.81473 
  89.50     -4.99819     -0.62186     -0.20413     -0.70728 
  89.60     -5.01860     -0.69259      0.12510     -0.65354 
  89.70     -5.00609     -0.75794     -0.02051     -0.45296 
  89.80     -5.00814     -0.80324     -0.04918     -0.34356 
  89.90     -5.01306     -0.83759     -0.11184      0.01791 
  90.00     -5.02425     -0.83580     -0.39424      0.14371 
  90.10     -5.06367     -0.82143     -0.62695     -0.06634 
  90.20     -5.12636     -0.82807     -0.86512     -0.36798 
  90.30     -5.21288     -0.86486     -0.63182     -0.07832 
  90.40     -5.27606     -0.87270     -0.57581     -0.10631 
  90.50     -5.33364     -0.88333     -0.39938     -0.15881 
  90.60     -5.37358     -0.89921     -0.25107     -0.45337 
  90.70     -5.39869     -0.94455      0.03011     -0.50979 
  90.80     -5.39567     -0.99553      0.31986     -0.44330 
  90.90     -5.36369     -1.03985      0.64596     -0.48053 
  91.00     -5.29909     -1.08791      0.75619     -0.33132 
  91.10     -5.22347     -1.12104      0.58307     -0.05542 
  91.20     -5.16517     -1.12658      0.79786     -0.38765 
  91.30     -5.08538     -1.16535      0.90675     -0.45549 
  91.40     -4.99471     -1.21089      0.61127     -0.16287 
  91.50     -4.93358     -1.22718      0.76991     -0.32169 
  91.60     -4.85659     -1.25935      0.74189     -0.54149 
  91.70     -4.78240     -1.31350      0.37664     -0.28819 
  91.80     -4.74473     -1.34232      0.27221     -0.43022 
  91.90     -4.71751     -1.38534     -0.00988     -0.35296 
  92.00     -4.71850     -1.42064     -0.20932     -0.45816 
  92.10     -4.73943     -1.46645     -0.40135     -0.28993 
  92.20     -4.77957     -1.49545     -0.20752     -0.12906 
  92.30     -4.80032     -1.50835     -0.07575     -0.46005 
  92.40     -4.80790     -1.55436     -0.20023     -0.06375 
  92.50     -4.82792     -1.56073     -0.31910     -0.20638 
  92.60     -4.85983     -1.58137     -0.54826     -0.28757 
  92.70     -4.91466     -1.61013     -0.66660      0.09837 
  92.80     -4.98132     -1.60029     -0.80427     -0.09674 
  92.90     -5.06174     -1.60996     -0.62715      0.11125 
  93.00     -5.12446     -1.59884     -0.50029     -0.07725 
  93.10     -5.17449     -1.60656     -0.28593     -0.19509 
  93.20     -5.20308     -1.62607     -0.09147     -0.54616 
  93.30     -5.21223     -1.68069      0.07303     -0.39031 
  93.40     -5.20492     -1.71972     -0.22368     -0.18097 
  93.50     -5.22729     -1.73782     -0.29357     -0.14433 
  93.60     -5.25665     -1.75225      0.01784     -0.05868 
  93.70     -5.25486     -1.75812      0.01231     -0.41626 
  93.80     -5.25363     -1.79974      0.14414     -0.33320 
  93.90     -5.23922     -1.83306      0.01322     -0.24366 
  94.00     -5.23790     -1.85743      0.21660     -0.58905 
  94.10     -5.21624     -1.91634     -0.19186     -0.49377 
  94.20     -5.23542     -1.96571      0.01948     -0.61308 
  94.30     -5.23348     -2.02702      0.24529     -0.29210 
  94.40     -5.20895     -2.05623      0.39412     -0.42055 
  94.50     -5.16954     -2.09829      0.38465     -0.45163 
  94.60     -5.13107     -2.14345      0.03772     -0.49215 
  94.70     -5.12730     -2.19266     -0.27844     -0.31264 
  94.80     -5.15514     -2.22393     -0.51253     -0.13348 
  94.90     -5.20640     -2.23728     -0.32900      0.06462 
  95.00     -5.23930     -2.23081      0.00463      0.25691 
  95.10     -5.23883     -2.20512      0.05800      0.04914 
  95.20     -5.23303     -2.20021     -0.24876     -0.13616 
  95.30     -5.25791     -2.21382     -0.04306      0.24731 
  95.40     -5.26221     -2.18909     -0.04812      0.00175 
  95.50     -5.26703     -2.18892      0.19000      0.08903 
  95.60     -5.24803     -2.18001      0.05366      0.06666 
  95.70     -5.24266     -2.17335      0.43444     -0.03786 
  95.80     -5.19922     -2.17713      0.73801     -0.25048 
  95.90     -5.12542     -2.20218      0.76512     -0.16679 
  96.00     -5.04890     -2.21886      0.41404      0.18288 
  96.10     -5.00750     -2.20057      0.34005      0.27484 
  96.20     -4.97349     -2.17309     -0.04357      0.36800 
  96.30     -4.97785     -2.13629      0.14854      0.02134 
  96.40     -4.96300     -2.13416      0.25046     -0.21349 
  96.50     -4.93795     -2.15550      0.01964     -0.01232 
  96.60     -4.93599     -2.15674      0.40074      0.18574 
  96.70     -4.89591     -2.13816      0.66532      0.20408 
  96.80     -4.82938     -2.11775      0.90226      0.46939 
  96.90     -4.73916     -2.07081      0.90186      0.59279 
  97.00     -4.64897     -2.01154      0.99066      0.26389 
  97.10     -4.54990     -1.98515      1.09006     -0.03146 
  97.20     -4.44090     -1.98829      0.90726      0.06037 
  97.30     -4.35017     -1.98226      0.98446      0.30994 
  97.40     -4.25173     -1.95126      1.18504     -0.05900 
  97.50     -4.13322     -1.95716      0.98502      0.02717 
  97.60     -4.03472     -1.95444      0.87728     -0.01322 
  97.70     -3.94699     -1.95577      0.99235      0.04913 
  97.80     -3.84776     -1.95085      0.76587      0.10855 
  97.90     -3.77117     -1.94000      0.58110      0.29115 
  98.00     -3.71306     -1.91088      0.19878     -0.05118 
  98.10     -3.69318     -1.91600      0.56393     -0.39891 
  98.20     -3.63679     -1.95589      0.42751     -0.66252 
  98.30     -3.59404     -2.02214      0.31889     -0.64746 
  98.40     -3.56215     -2.08689      0.10863     -0.61910 
  98.50     -3.55129     -2.14880     -0.11526     -0.74207 
  98.60     -3.56281     -2.22301      0.00606     -0.36337 
  98.70     -3.56221     -2.25934      0.29899     -0.36629 
  98.80     -3.53231     -2.29597      0.20069     -0.53720 
  98.90     -3.51224     -2.34969      0.54036     -0.29807 
  99.00     -3.45820     -2.37950      0.36372     -0.09549 
  99.10     -3.42183     -2.38905      0.40742      0.00813 
  99.20     -3.38109     -2.38823      0.67205      0.14867 
  99.30     -3.31388     -2.37337      0.40006     -0.16922 
  99.40     -3.27388     -2.39029      0.38458      0.01463 
  99.50     -3.23542     -2.38883      0.39876     -0.36243 
  99.60     -3.19554     -2.42507      0.36733     -0.35837 
  99.70     -3.15881     -2.46091      0.69532     -0.02071 
  99.80     -3.08928     -2.46298      0.78256     -0.21552 
  99.90     -3.01102     -2.48453      0.39721     -0.37471 
