-10.00   0.00000   0.00000
 -9.95   0.00000   0.00000
 -9.90   0.00000   0.00000
 -9.85   0.00000   0.00000
 -9.80   0.00000   0.00000
 -9.75   0.00000   0.00000
 -9.70   0.00000   0.00000
 -9.65   0.00000   0.00000
 -9.60   0.00000   0.00000
 -9.55   0.00000   0.00000
 -9.50   0.00000   0.00000
 -9.45   0.00000   0.00000
 -9.40   0.00000   0.00000
 -9.35   0.00000   0.00000
 -9.30   0.00000   0.00000
 -9.25   0.00000   0.00000
 -9.20   0.00000   0.00000
 -9.15   0.00000   0.00000
 -9.10   0.00000   0.00000
 -9.05   0.00000   0.00000
 -9.00   0.00000   0.00000
 -8.95   0.00000   0.00000
 -8.90   0.00000   0.00000
 -8.85   0.00000   0.00000
 -8.80   0.00000   0.00000
 -8.75   0.00000   0.00000
 -8.70   0.00000   0.00000
 -8.65   0.00000   0.00000
 -8.60   0.00000   0.00000
 -8.55   0.00000   0.00000
 -8.50   0.00000   0.00000
 -8.45   0.00000   0.00000
 -8.40   0.00000   0.00000
 -8.35   0.00000   0.00000
 -8.30   0.00000   0.00000
 -8.25   0.00000   0.00000
 -8.20   0.00000   0.00000
 -8.15   0.00000   0.00000
 -8.10   0.00000   0.00000
 -8.05   0.00000   0.00000
 -8.00   0.00000   0.00000
 -7.95   0.00000   0.00000
 -7.90   0.00000   0.00000
 -7.85   0.00000   0.00000
 -7.80   0.00000   0.00000
 -7.75   0.00000   0.00000
 -7.70   0.00000   0.00000
 -7.65   0.00000   0.00000
 -7.60   0.00000   0.00000
 -7.55   0.00000   0.00000
 -7.50   0.00000   0.00000
 -7.45   0.00000   0.00000
 -7.40   0.00000   0.00000
 -7.35   0.00000   0.00000
 -7.30   0.00000   0.00000
 -7.25   0.00000   0.00000
 -7.20   0.00000   0.00000
 -7.15   0.00000   0.00000
 -7.10   0.00000   0.00000
 -7.05   0.00000   0.00000
 -7.00   0.00000   0.00000
 -6.95   0.00000   0.00000
 -6.90   0.00000   0.00000
 -6.85   0.00000   0.00000
 -6.80   0.00000   0.00000
 -6.75   0.00000   0.00000
 -6.70   0.00000   0.00000
 -6.65   0.00000   0.00000
 -6.60   0.00000   0.00000
 -6.55   0.00000   0.00000
 -6.50   0.00000   0.00000
 -6.45   0.00000   0.00000
 -6.40   0.00000   0.00000
 -6.35   0.00000   0.00000
 -6.30   0.00000   0.00000
 -6.25   0.00000   0.00000
 -6.20   0.00000   0.00000
 -6.15   0.00000   0.00000
 -6.10   0.00000   0.00000
 -6.05   0.00000   0.00000
 -6.00   0.00000   0.00000
 -5.95   0.00000   0.00000
 -5.90   0.00000   0.00000
 -5.85   0.00000   0.00000
 -5.80   0.00000   0.00000
 -5.75   0.00000   0.00000
 -5.70   0.00000   0.00000
 -5.65   0.00000   0.00000
 -5.60   0.00000   0.00000
 -5.55   0.00000   0.00000
 -5.50   0.00000   0.00000
 -5.45   0.00000   0.00000
 -5.40   0.00000   0.00000
 -5.35   0.00000   0.00000
 -5.30   0.00000   0.00000
 -5.25   0.00000   0.00000
 -5.20   0.00000   0.00000
 -5.15   0.00001   0.00000
 -5.10   0.00002   0.00000
 -5.05   0.00005   0.00000
 -5.00   0.00009   0.00000
 -4.95   0.00018   0.00000
 -4.90   0.00035   0.00000
 -4.85   0.00064   0.00001
 -4.80   0.00113   0.00001
 -4.75   0.00196   0.00002
 -4.70   0.00330   0.00004
 -4.65   0.00538   0.00006
 -4.60   0.00853   0.00010
 -4.55   0.01317   0.00016
 -4.50   0.01981   0.00024
 -4.45   0.02904   0.00035
 -4.40   0.04155   0.00051
 -4.35   0.05803   0.00071
 -4.30   0.07921   0.00098
 -4.25   0.10571   0.00132
 -4.20   0.13805   0.00174
 -4.15   0.17653   0.00226
 -4.10   0.22119   0.00286
 -4.05   0.27175   0.00355
 -4.00   0.32754   0.00434
 -3.95   0.38758   0.00520
 -3.90   0.45050   0.00612
 -3.85   0.51467   0.00709
 -3.80   0.57826   0.00808
 -3.75   0.63931   0.00906
 -3.70   0.69590   0.01002
 -3.65   0.74620   0.01091
 -3.60   0.78863   0.01171
 -3.55   0.82191   0.01241
 -3.50   0.84516   0.01299
 -3.45   0.85787   0.01342
 -3.40   0.86000   0.01370
 -3.35   0.85187   0.01383
 -3.30   0.83416   0.01381
 -3.25   0.80786   0.01365
 -3.20   0.77415   0.01336
 -3.15   0.73436   0.01295
 -3.10   0.68989   0.01244
 -3.05   0.64213   0.01186
 -3.00   0.59241   0.01121
 -2.95   0.54194   0.01052
 -2.90   0.49180   0.00980
 -2.85   0.44290   0.00907
 -2.80   0.39597   0.00834
 -2.75   0.35158   0.00763
 -2.70   0.31013   0.00694
 -2.65   0.27189   0.00628
 -2.60   0.23697   0.00566
 -2.55   0.20541   0.00508
 -2.50   0.17713   0.00454
 -2.45   0.15201   0.00405
 -2.40   0.12986   0.00360
 -2.35   0.11047   0.00319
 -2.30   0.09360   0.00282
 -2.25   0.07902   0.00249
 -2.20   0.06648   0.00219
 -2.15   0.05576   0.00193
 -2.10   0.04663   0.00169
 -2.05   0.03890   0.00149
 -2.00   0.03236   0.00131
 -1.95   0.02687   0.00115
 -1.90   0.02227   0.00101
 -1.85   0.01842   0.00089
 -1.80   0.01521   0.00078
 -1.75   0.01254   0.00069
 -1.70   0.01033   0.00060
 -1.65   0.00850   0.00053
 -1.60   0.00699   0.00047
 -1.55   0.00574   0.00042
 -1.50   0.00471   0.00037
 -1.45   0.00387   0.00033
 -1.40   0.00317   0.00030
 -1.35   0.00260   0.00027
 -1.30   0.00213   0.00024
 -1.25   0.00175   0.00022
 -1.20   0.00143   0.00020
 -1.15   0.00118   0.00018
 -1.10   0.00097   0.00016
 -1.05   0.00079   0.00015
 -1.00   0.00065   0.00014
 -0.95   0.00053   0.00013
 -0.90   0.00044   0.00012
 -0.85   0.00036   0.00011
 -0.80   0.00030   0.00010
 -0.75   0.00024   0.00010
 -0.70   0.00020   0.00009
 -0.65   0.00017   0.00009
 -0.60   0.00014   0.00008
 -0.55   0.00011   0.00008
 -0.50   0.00009   0.00008
 -0.45   0.00008   0.00008
 -0.40   0.00006   0.00008
 -0.35   0.00005   0.00007
 -0.30   0.00004   0.00007
 -0.25   0.00004   0.00007
 -0.20   0.00003   0.00007
 -0.15   0.00002   0.00007
 -0.10   0.00002   0.00008
 -0.05   0.00002   0.00008
  0.00   0.00001   0.00008
  0.05   0.00001   0.00008
  0.10   0.00001   0.00009
  0.15   0.00001   0.00009
  0.20   0.00001   0.00009
  0.25   0.00001   0.00010
  0.30   0.00000   0.00011
  0.35   0.00000   0.00011
  0.40   0.00000   0.00012
  0.45   0.00000   0.00013
  0.50   0.00000   0.00014
  0.55   0.00000   0.00016
  0.60   0.00000   0.00017
  0.65   0.00000   0.00019
  0.70   0.00000   0.00022
  0.75   0.00000   0.00024
  0.80   0.00000   0.00027
  0.85   0.00000   0.00031
  0.90   0.00000   0.00035
  0.95   0.00000   0.00040
  1.00   0.00000   0.00046
  1.05   0.00000   0.00053
  1.10   0.00000   0.00061
  1.15   0.00000   0.00071
  1.20   0.00000   0.00083
  1.25   0.00000   0.00097
  1.30   0.00000   0.00114
  1.35   0.00000   0.00135
  1.40   0.00000   0.00159
  1.45   0.00000   0.00189
  1.50   0.00000   0.00226
  1.55   0.00000   0.00269
  1.60   0.00000   0.00323
  1.65   0.00000   0.00387
  1.70   0.00000   0.00465
  1.75   0.00000   0.00560
  1.80   0.00000   0.00675
  1.85   0.00000   0.00815
  1.90   0.00000   0.00985
  1.95   0.00000   0.01191
  2.00   0.00000   0.01440
  2.05   0.00000   0.01741
  2.10   0.00000   0.02104
  2.15   0.00000   0.02542
  2.20   0.00000   0.03068
  2.25   0.00000   0.03698
  2.30   0.00000   0.04451
  2.35   0.00000   0.05346
  2.40   0.00000   0.06407
  2.45   0.00000   0.07659
  2.50   0.00000   0.09127
  2.55   0.00000   0.10840
  2.60   0.00000   0.12826
  2.65   0.00000   0.15113
  2.70   0.00000   0.17728
  2.75   0.00000   0.20692
  2.80   0.00000   0.24024
  2.85   0.00000   0.27732
  2.90   0.00000   0.31815
  2.95   0.00000   0.36258
  3.00   0.00000   0.41031
  3.05   0.00000   0.46086
  3.10   0.00000   0.51353
  3.15   0.00000   0.56743
  3.20   0.00000   0.62144
  3.25   0.00000   0.67425
  3.30   0.00000   0.72438
  3.35   0.00000   0.77024
  3.40   0.00000   0.81017
  3.45   0.00000   0.84256
  3.50   0.00000   0.86592
  3.55   0.00000   0.87899
  3.60   0.00000   0.88081
  3.65   0.00000   0.87085
  3.70   0.00000   0.84905
  3.75   0.00000   0.81585
  3.80   0.00000   0.77220
  3.85   0.00000   0.71953
  3.90   0.00000   0.65966
  3.95   0.00000   0.59468
  4.00   0.00000   0.52685
  4.05   0.00000   0.45844
  4.10   0.00000   0.39155
  4.15   0.00000   0.32806
  4.20   0.00000   0.26947
  4.25   0.00000   0.21685
  4.30   0.00000   0.17087
  4.35   0.00000   0.13175
  4.40   0.00000   0.09933
  4.45   0.00000   0.07318
  4.50   0.00000   0.05266
  4.55   0.00000   0.03698
  4.60   0.00000   0.02532
  4.65   0.00000   0.01690
  4.70   0.00000   0.01098
  4.75   0.00000   0.00695
  4.80   0.00000   0.00428
  4.85   0.00000   0.00256
  4.90   0.00000   0.00148
  4.95   0.00000   0.00084
  5.00   0.00000   0.00046
  5.05   0.00000   0.00024
  5.10   0.00000   0.00012
  5.15   0.00000   0.00006
  5.20   0.00000   0.00003
  5.25   0.00000   0.00001
  5.30   0.00000   0.00001
  5.35   0.00000   0.00000
  5.40   0.00000   0.00000
  5.45   0.00000   0.00000
  5.50   0.00000   0.00000
  5.55   0.00000   0.00000
  5.60   0.00000   0.00000
  5.65   0.00000   0.00000
  5.70   0.00000   0.00000
  5.75   0.00000   0.00000
  5.80   0.00000   0.00000
  5.85   0.00000   0.00000
  5.90   0.00000   0.00000
  5.95   0.00000   0.00000
  6.00   0.00000   0.00000
  6.05   0.00000   0.00000
  6.10   0.00000   0.00000
  6.15   0.00000   0.00000
  6.20   0.00000   0.00000
  6.25   0.00000   0.00000
  6.30   0.00000   0.00000
  6.35   0.00000   0.00000
  6.40   0.00000   0.00000
  6.45   0.00000   0.00000
  6.50   0.00000   0.00000
  6.55   0.00000   0.00000
  6.60   0.00000   0.00000
  6.65   0.00000   0.00000
  6.70   0.00000   0.00000
  6.75   0.00000   0.00000
  6.80   0.00000   0.00000
  6.85   0.00000   0.00000
  6.90   0.00000   0.00000
  6.95   0.00000   0.00000
  7.00   0.00000   0.00000
  7.05   0.00000   0.00000
  7.10   0.00000   0.00000
  7.15   0.00000   0.00000
  7.20   0.00000   0.00000
  7.25   0.00000   0.00000
  7.30   0.00000   0.00000
  7.35   0.00000   0.00000
  7.40   0.00000   0.00000
  7.45   0.00000   0.00000
  7.50   0.00000   0.00000
  7.55   0.00000   0.00000
  7.60   0.00000   0.00000
  7.65   0.00000   0.00000
  7.70   0.00000   0.00000
  7.75   0.00000   0.00000
  7.80   0.00000   0.00000
  7.85   0.00000   0.00000
  7.90   0.00000   0.00000
  7.95   0.00000   0.00000
  8.00   0.00000   0.00000
  8.05   0.00000   0.00000
  8.10   0.00000   0.00000
  8.15   0.00000   0.00000
  8.20   0.00000   0.00000
  8.25   0.00000   0.00000
  8.30   0.00000   0.00000
  8.35   0.00000   0.00000
  8.40   0.00000   0.00000
  8.45   0.00000   0.00000
  8.50   0.00000   0.00000
  8.55   0.00000   0.00000
  8.60   0.00000   0.00000
  8.65   0.00000   0.00000
  8.70   0.00000   0.00000
  8.75   0.00000   0.00000
  8.80   0.00000   0.00000
  8.85   0.00000   0.00000
  8.90   0.00000   0.00000
  8.95   0.00000   0.00000
  9.00   0.00000   0.00000
  9.05   0.00000   0.00000
  9.10   0.00000   0.00000
  9.15   0.00000   0.00000
  9.20   0.00000   0.00000
  9.25   0.00000   0.00000
  9.30   0.00000   0.00000
  9.35   0.00000   0.00000
  9.40   0.00000   0.00000
  9.45   0.00000   0.00000
  9.50   0.00000   0.00000
  9.55   0.00000   0.00000
  9.60   0.00000   0.00000
  9.65   0.00000   0.00000
  9.70   0.00000   0.00000
  9.75   0.00000   0.00000
  9.80   0.00000   0.00000
  9.85   0.00000   0.00000
  9.90   0.00000   0.00000
  9.95   0.00000   0.00000
