-10.00   0.00000   0.00000
 -9.95   0.00000   0.00000
 -9.90   0.00000   0.00000
 -9.85   0.00000   0.00000
 -9.80   0.00000   0.00000
 -9.75   0.00000   0.00000
 -9.70   0.00000   0.00000
 -9.65   0.00000   0.00000
 -9.60   0.00000   0.00000
 -9.55   0.00000   0.00000
 -9.50   0.00000   0.00000
 -9.45   0.00000   0.00000
 -9.40   0.00000   0.00000
 -9.35   0.00000   0.00000
 -9.30   0.00000   0.00000
 -9.25   0.00000   0.00000
 -9.20   0.00000   0.00000
 -9.15   0.00000   0.00000
 -9.10   0.00000   0.00000
 -9.05   0.00000   0.00000
 -9.00   0.00000   0.00000
 -8.95   0.00000   0.00000
 -8.90   0.00000   0.00000
 -8.85   0.00000   0.00000
 -8.80   0.00000   0.00000
 -8.75   0.00000   0.00000
 -8.70   0.00000   0.00000
 -8.65   0.00000   0.00000
 -8.60   0.00000   0.00000
 -8.55   0.00000   0.00000
 -8.50   0.00000   0.00000
 -8.45   0.00000   0.00000
 -8.40   0.00000   0.00000
 -8.35   0.00000   0.00000
 -8.30   0.00000   0.00000
 -8.25   0.00000   0.00000
 -8.20   0.00000   0.00000
 -8.15   0.00000   0.00000
 -8.10   0.00000   0.00000
 -8.05   0.00000   0.00000
 -8.00   0.00000   0.00000
 -7.95   0.00000   0.00000
 -7.90   0.00000   0.00000
 -7.85   0.00000   0.00000
 -7.80   0.00000   0.00000
 -7.75   0.00000   0.00000
 -7.70   0.00000   0.00000
 -7.65   0.00000   0.00000
 -7.60   0.00000   0.00000
 -7.55   0.00000   0.00000
 -7.50   0.00000   0.00000
 -7.45   0.00000   0.00000
 -7.40   0.00000   0.00000
 -7.35   0.00000   0.00000
 -7.30   0.00000   0.00000
 -7.25   0.00000   0.00000
 -7.20   0.00000   0.00000
 -7.15   0.00000   0.00000
 -7.10   0.00000   0.00000
 -7.05   0.00000   0.00000
 -7.00   0.00000   0.00000
 -6.95   0.00000   0.00000
 -6.90   0.00000   0.00000
 -6.85   0.00000   0.00000
 -6.80   0.00000   0.00000
 -6.75   0.00000   0.00000
 -6.70   0.00000   0.00000
 -6.65   0.00000   0.00000
 -6.60   0.00000   0.00000
 -6.55   0.00000   0.00000
 -6.50   0.00000   0.00000
 -6.45   0.00000   0.00000
 -6.40   0.00000   0.00000
 -6.35   0.00000   0.00000
 -6.30   0.00000   0.00000
 -6.25   0.00000   0.00000
 -6.20   0.00000   0.00000
 -6.15   0.00000   0.00000
 -6.10   0.00000   0.00000
 -6.05   0.00000   0.00000
 -6.00   0.00000   0.00000
 -5.95   0.00000   0.00000
 -5.90   0.00000   0.00000
 -5.85   0.00000   0.00000
 -5.80   0.00000   0.00000
 -5.75   0.00000   0.00000
 -5.70   0.00000   0.00000
 -5.65   0.00000   0.00000
 -5.60   0.00000   0.00000
 -5.55   0.00000   0.00000
 -5.50   0.00000   0.00000
 -5.45   0.00000   0.00000
 -5.40   0.00000   0.00000
 -5.35   0.00000   0.00000
 -5.30   0.00000   0.00000
 -5.25   0.00000   0.00000
 -5.20   0.00000   0.00000
 -5.15   0.00001   0.00000
 -5.10   0.00001   0.00000
 -5.05   0.00003   0.00000
 -5.00   0.00006   0.00000
 -4.95   0.00011   0.00000
 -4.90   0.00022   0.00000
 -4.85   0.00040   0.00001
 -4.80   0.00073   0.00001
 -4.75   0.00127   0.00002
 -4.70   0.00214   0.00004
 -4.65   0.00352   0.00006
 -4.60   0.00564   0.00010
 -4.55   0.00878   0.00016
 -4.50   0.01332   0.00024
 -4.45   0.01971   0.00035
 -4.40   0.02846   0.00051
 -4.35   0.04015   0.00071
 -4.30   0.05535   0.00098
 -4.25   0.07463   0.00132
 -4.20   0.09851   0.00174
 -4.15   0.12737   0.00226
 -4.10   0.16141   0.00286
 -4.05   0.20064   0.00355
 -4.00   0.24479   0.00434
 -3.95   0.29331   0.00520
 -3.90   0.34537   0.00612
 -3.85   0.39988   0.00709
 -3.80   0.45555   0.00808
 -3.75   0.51090   0.00906
 -3.70   0.56442   0.01002
 -3.65   0.61456   0.01091
 -3.60   0.65988   0.01171
 -3.55   0.69912   0.01241
 -3.50   0.73121   0.01299
 -3.45   0.75540   0.01342
 -3.40   0.77122   0.01370
 -3.35   0.77851   0.01383
 -3.30   0.77742   0.01381
 -3.25   0.76836   0.01365
 -3.20   0.75197   0.01336
 -3.15   0.72909   0.01295
 -3.10   0.70065   0.01244
 -3.05   0.66768   0.01186
 -3.00   0.63121   0.01121
 -2.95   0.59227   0.01052
 -2.90   0.55181   0.00980
 -2.85   0.51071   0.00907
 -2.80   0.46975   0.00834
 -2.75   0.42957   0.00763
 -2.70   0.39072   0.00694
 -2.65   0.35361   0.00628
 -2.60   0.31857   0.00566
 -2.55   0.28579   0.00508
 -2.50   0.25541   0.00454
 -2.45   0.22748   0.00405
 -2.40   0.20197   0.00360
 -2.35   0.17883   0.00319
 -2.30   0.15797   0.00282
 -2.25   0.13926   0.00249
 -2.20   0.12255   0.00219
 -2.15   0.10769   0.00193
 -2.10   0.09453   0.00169
 -2.05   0.08291   0.00149
 -2.00   0.07269   0.00131
 -1.95   0.06371   0.00115
 -1.90   0.05584   0.00101
 -1.85   0.04896   0.00089
 -1.80   0.04294   0.00078
 -1.75   0.03770   0.00069
 -1.70   0.03313   0.00060
 -1.65   0.02915   0.00053
 -1.60   0.02568   0.00047
 -1.55   0.02266   0.00042
 -1.50   0.02003   0.00037
 -1.45   0.01773   0.00033
 -1.40   0.01574   0.00030
 -1.35   0.01399   0.00027
 -1.30   0.01247   0.00024
 -1.25   0.01114   0.00022
 -1.20   0.00998   0.00020
 -1.15   0.00896   0.00018
 -1.10   0.00806   0.00016
 -1.05   0.00727   0.00015
 -1.00   0.00658   0.00014
 -0.95   0.00597   0.00013
 -0.90   0.00543   0.00012
 -0.85   0.00495   0.00011
 -0.80   0.00453   0.00010
 -0.75   0.00416   0.00010
 -0.70   0.00382   0.00009
 -0.65   0.00352   0.00009
 -0.60   0.00326   0.00008
 -0.55   0.00302   0.00008
 -0.50   0.00280   0.00008
 -0.45   0.00261   0.00008
 -0.40   0.00244   0.00008
 -0.35   0.00228   0.00007
 -0.30   0.00214   0.00007
 -0.25   0.00201   0.00007
 -0.20   0.00189   0.00007
 -0.15   0.00179   0.00007
 -0.10   0.00169   0.00008
 -0.05   0.00160   0.00008
  0.00   0.00152   0.00008
  0.05   0.00145   0.00008
  0.10   0.00138   0.00009
  0.15   0.00132   0.00009
  0.20   0.00126   0.00009
  0.25   0.00121   0.00010
  0.30   0.00116   0.00011
  0.35   0.00112   0.00011
  0.40   0.00107   0.00012
  0.45   0.00104   0.00013
  0.50   0.00100   0.00014
  0.55   0.00097   0.00016
  0.60   0.00094   0.00017
  0.65   0.00091   0.00019
  0.70   0.00089   0.00022
  0.75   0.00086   0.00024
  0.80   0.00084   0.00027
  0.85   0.00082   0.00031
  0.90   0.00080   0.00035
  0.95   0.00078   0.00040
  1.00   0.00077   0.00046
  1.05   0.00076   0.00053
  1.10   0.00074   0.00061
  1.15   0.00073   0.00071
  1.20   0.00072   0.00083
  1.25   0.00071   0.00097
  1.30   0.00070   0.00114
  1.35   0.00070   0.00135
  1.40   0.00069   0.00159
  1.45   0.00069   0.00189
  1.50   0.00069   0.00226
  1.55   0.00068   0.00269
  1.60   0.00069   0.00323
  1.65   0.00069   0.00387
  1.70   0.00069   0.00465
  1.75   0.00070   0.00560
  1.80   0.00071   0.00675
  1.85   0.00072   0.00815
  1.90   0.00074   0.00985
  1.95   0.00075   0.01191
  2.00   0.00078   0.01440
  2.05   0.00081   0.01741
  2.10   0.00084   0.02104
  2.15   0.00088   0.02542
  2.20   0.00093   0.03068
  2.25   0.00099   0.03698
  2.30   0.00106   0.04451
  2.35   0.00113   0.05346
  2.40   0.00123   0.06407
  2.45   0.00134   0.07659
  2.50   0.00146   0.09127
  2.55   0.00161   0.10840
  2.60   0.00177   0.12826
  2.65   0.00196   0.15113
  2.70   0.00217   0.17728
  2.75   0.00241   0.20692
  2.80   0.00267   0.24024
  2.85   0.00296   0.27732
  2.90   0.00328   0.31815
  2.95   0.00362   0.36258
  3.00   0.00399   0.41031
  3.05   0.00437   0.46086
  3.10   0.00476   0.51353
  3.15   0.00515   0.56743
  3.20   0.00554   0.62144
  3.25   0.00592   0.67425
  3.30   0.00627   0.72438
  3.35   0.00658   0.77024
  3.40   0.00684   0.81017
  3.45   0.00704   0.84256
  3.50   0.00716   0.86592
  3.55   0.00721   0.87899
  3.60   0.00717   0.88081
  3.65   0.00704   0.87085
  3.70   0.00682   0.84905
  3.75   0.00651   0.81585
  3.80   0.00613   0.77220
  3.85   0.00568   0.71953
  3.90   0.00519   0.65966
  3.95   0.00466   0.59468
  4.00   0.00411   0.52685
  4.05   0.00357   0.45844
  4.10   0.00304   0.39155
  4.15   0.00254   0.32806
  4.20   0.00208   0.26947
  4.25   0.00167   0.21685
  4.30   0.00131   0.17087
  4.35   0.00101   0.13175
  4.40   0.00076   0.09933
  4.45   0.00056   0.07318
  4.50   0.00040   0.05266
  4.55   0.00028   0.03698
  4.60   0.00019   0.02532
  4.65   0.00013   0.01690
  4.70   0.00008   0.01098
  4.75   0.00005   0.00695
  4.80   0.00003   0.00428
  4.85   0.00002   0.00256
  4.90   0.00001   0.00148
  4.95   0.00001   0.00084
  5.00   0.00000   0.00046
  5.05   0.00000   0.00024
  5.10   0.00000   0.00012
  5.15   0.00000   0.00006
  5.20   0.00000   0.00003
  5.25   0.00000   0.00001
  5.30   0.00000   0.00001
  5.35   0.00000   0.00000
  5.40   0.00000   0.00000
  5.45   0.00000   0.00000
  5.50   0.00000   0.00000
  5.55   0.00000   0.00000
  5.60   0.00000   0.00000
  5.65   0.00000   0.00000
  5.70   0.00000   0.00000
  5.75   0.00000   0.00000
  5.80   0.00000   0.00000
  5.85   0.00000   0.00000
  5.90   0.00000   0.00000
  5.95   0.00000   0.00000
  6.00   0.00000   0.00000
  6.05   0.00000   0.00000
  6.10   0.00000   0.00000
  6.15   0.00000   0.00000
  6.20   0.00000   0.00000
  6.25   0.00000   0.00000
  6.30   0.00000   0.00000
  6.35   0.00000   0.00000
  6.40   0.00000   0.00000
  6.45   0.00000   0.00000
  6.50   0.00000   0.00000
  6.55   0.00000   0.00000
  6.60   0.00000   0.00000
  6.65   0.00000   0.00000
  6.70   0.00000   0.00000
  6.75   0.00000   0.00000
  6.80   0.00000   0.00000
  6.85   0.00000   0.00000
  6.90   0.00000   0.00000
  6.95   0.00000   0.00000
  7.00   0.00000   0.00000
  7.05   0.00000   0.00000
  7.10   0.00000   0.00000
  7.15   0.00000   0.00000
  7.20   0.00000   0.00000
  7.25   0.00000   0.00000
  7.30   0.00000   0.00000
  7.35   0.00000   0.00000
  7.40   0.00000   0.00000
  7.45   0.00000   0.00000
  7.50   0.00000   0.00000
  7.55   0.00000   0.00000
  7.60   0.00000   0.00000
  7.65   0.00000   0.00000
  7.70   0.00000   0.00000
  7.75   0.00000   0.00000
  7.80   0.00000   0.00000
  7.85   0.00000   0.00000
  7.90   0.00000   0.00000
  7.95   0.00000   0.00000
  8.00   0.00000   0.00000
  8.05   0.00000   0.00000
  8.10   0.00000   0.00000
  8.15   0.00000   0.00000
  8.20   0.00000   0.00000
  8.25   0.00000   0.00000
  8.30   0.00000   0.00000
  8.35   0.00000   0.00000
  8.40   0.00000   0.00000
  8.45   0.00000   0.00000
  8.50   0.00000   0.00000
  8.55   0.00000   0.00000
  8.60   0.00000   0.00000
  8.65   0.00000   0.00000
  8.70   0.00000   0.00000
  8.75   0.00000   0.00000
  8.80   0.00000   0.00000
  8.85   0.00000   0.00000
  8.90   0.00000   0.00000
  8.95   0.00000   0.00000
  9.00   0.00000   0.00000
  9.05   0.00000   0.00000
  9.10   0.00000   0.00000
  9.15   0.00000   0.00000
  9.20   0.00000   0.00000
  9.25   0.00000   0.00000
  9.30   0.00000   0.00000
  9.35   0.00000   0.00000
  9.40   0.00000   0.00000
  9.45   0.00000   0.00000
  9.50   0.00000   0.00000
  9.55   0.00000   0.00000
  9.60   0.00000   0.00000
  9.65   0.00000   0.00000
  9.70   0.00000   0.00000
  9.75   0.00000   0.00000
  9.80   0.00000   0.00000
  9.85   0.00000   0.00000
  9.90   0.00000   0.00000
  9.95   0.00000   0.00000
