-10.00   0.00000   0.00000
 -9.95   0.00000   0.00000
 -9.90   0.00000   0.00000
 -9.85   0.00000   0.00000
 -9.80   0.00000   0.00000
 -9.75   0.00000   0.00000
 -9.70   0.00000   0.00000
 -9.65   0.00000   0.00000
 -9.60   0.00000   0.00000
 -9.55   0.00000   0.00000
 -9.50   0.00000   0.00000
 -9.45   0.00000   0.00000
 -9.40   0.00000   0.00000
 -9.35   0.00000   0.00000
 -9.30   0.00000   0.00000
 -9.25   0.00000   0.00000
 -9.20   0.00000   0.00000
 -9.15   0.00000   0.00000
 -9.10   0.00000   0.00000
 -9.05   0.00000   0.00000
 -9.00   0.00000   0.00000
 -8.95   0.00000   0.00000
 -8.90   0.00000   0.00000
 -8.85   0.00000   0.00000
 -8.80   0.00000   0.00000
 -8.75   0.00000   0.00000
 -8.70   0.00000   0.00000
 -8.65   0.00000   0.00000
 -8.60   0.00000   0.00000
 -8.55   0.00000   0.00000
 -8.50   0.00000   0.00000
 -8.45   0.00000   0.00000
 -8.40   0.00000   0.00000
 -8.35   0.00000   0.00000
 -8.30   0.00000   0.00000
 -8.25   0.00000   0.00000
 -8.20   0.00000   0.00000
 -8.15   0.00000   0.00000
 -8.10   0.00000   0.00000
 -8.05   0.00000   0.00000
 -8.00   0.00000   0.00000
 -7.95   0.00000   0.00000
 -7.90   0.00000   0.00000
 -7.85   0.00000   0.00000
 -7.80   0.00000   0.00000
 -7.75   0.00000   0.00000
 -7.70   0.00000   0.00000
 -7.65   0.00000   0.00000
 -7.60   0.00000   0.00000
 -7.55   0.00000   0.00000
 -7.50   0.00000   0.00000
 -7.45   0.00000   0.00000
 -7.40   0.00000   0.00000
 -7.35   0.00000   0.00000
 -7.30   0.00000   0.00000
 -7.25   0.00000   0.00000
 -7.20   0.00000   0.00000
 -7.15   0.00000   0.00000
 -7.10   0.00000   0.00000
 -7.05   0.00000   0.00000
 -7.00   0.00000   0.00000
 -6.95   0.00000   0.00000
 -6.90   0.00000   0.00000
 -6.85   0.00000   0.00000
 -6.80   0.00000   0.00000
 -6.75   0.00000   0.00000
 -6.70   0.00000   0.00000
 -6.65   0.00000   0.00000
 -6.60   0.00000   0.00000
 -6.55   0.00000   0.00000
 -6.50   0.00000   0.00000
 -6.45   0.00000   0.00000
 -6.40   0.00000   0.00000
 -6.35   0.00000   0.00000
 -6.30   0.00000   0.00000
 -6.25   0.00000   0.00000
 -6.20   0.00000   0.00000
 -6.15   0.00000   0.00000
 -6.10   0.00000   0.00000
 -6.05   0.00000   0.00000
 -6.00   0.00000   0.00000
 -5.95   0.00000   0.00000
 -5.90   0.00000   0.00000
 -5.85   0.00000   0.00000
 -5.80   0.00000   0.00000
 -5.75   0.00000   0.00000
 -5.70   0.00000   0.00000
 -5.65   0.00000   0.00000
 -5.60   0.00000   0.00000
 -5.55   0.00000   0.00000
 -5.50   0.00000   0.00000
 -5.45   0.00000   0.00000
 -5.40   0.00000   0.00000
 -5.35   0.00000   0.00000
 -5.30   0.00000   0.00000
 -5.25   0.00000   0.00000
 -5.20   0.00000   0.00000
 -5.15   0.00001   0.00000
 -5.10   0.00001   0.00000
 -5.05   0.00003   0.00000
 -5.00   0.00006   0.00000
 -4.95   0.00011   0.00000
 -4.90   0.00022   0.00000
 -4.85   0.00040   0.00001
 -4.80   0.00073   0.00001
 -4.75   0.00127   0.00002
 -4.70   0.00214   0.00004
 -4.65   0.00353   0.00006
 -4.60   0.00564   0.00010
 -4.55   0.00879   0.00016
 -4.50   0.01333   0.00024
 -4.45   0.01973   0.00035
 -4.40   0.02849   0.00051
 -4.35   0.04019   0.00071
 -4.30   0.05540   0.00098
 -4.25   0.07471   0.00132
 -4.20   0.09861   0.00174
 -4.15   0.12749   0.00226
 -4.10   0.16157   0.00286
 -4.05   0.20084   0.00355
 -4.00   0.24504   0.00434
 -3.95   0.29360   0.00520
 -3.90   0.34571   0.00612
 -3.85   0.40028   0.00709
 -3.80   0.45600   0.00808
 -3.75   0.51141   0.00906
 -3.70   0.56498   0.01002
 -3.65   0.61517   0.01091
 -3.60   0.66054   0.01171
 -3.55   0.69981   0.01241
 -3.50   0.73194   0.01299
 -3.45   0.75615   0.01342
 -3.40   0.77198   0.01370
 -3.35   0.77928   0.01383
 -3.30   0.77819   0.01381
 -3.25   0.76912   0.01365
 -3.20   0.75272   0.01336
 -3.15   0.72981   0.01295
 -3.10   0.70135   0.01244
 -3.05   0.66834   0.01186
 -3.00   0.63184   0.01121
 -2.95   0.59285   0.01052
 -2.90   0.55235   0.00980
 -2.85   0.51122   0.00907
 -2.80   0.47021   0.00834
 -2.75   0.42999   0.00763
 -2.70   0.39110   0.00694
 -2.65   0.35396   0.00628
 -2.60   0.31888   0.00566
 -2.55   0.28608   0.00508
 -2.50   0.25567   0.00454
 -2.45   0.22770   0.00405
 -2.40   0.20217   0.00360
 -2.35   0.17901   0.00319
 -2.30   0.15813   0.00282
 -2.25   0.13939   0.00249
 -2.20   0.12267   0.00219
 -2.15   0.10780   0.00193
 -2.10   0.09462   0.00169
 -2.05   0.08300   0.00149
 -2.00   0.07276   0.00131
 -1.95   0.06377   0.00115
 -1.90   0.05589   0.00101
 -1.85   0.04900   0.00089
 -1.80   0.04299   0.00078
 -1.75   0.03774   0.00069
 -1.70   0.03316   0.00060
 -1.65   0.02917   0.00053
 -1.60   0.02570   0.00047
 -1.55   0.02268   0.00042
 -1.50   0.02004   0.00037
 -1.45   0.01775   0.00033
 -1.40   0.01575   0.00030
 -1.35   0.01401   0.00027
 -1.30   0.01248   0.00024
 -1.25   0.01115   0.00022
 -1.20   0.00999   0.00020
 -1.15   0.00896   0.00018
 -1.10   0.00807   0.00016
 -1.05   0.00728   0.00015
 -1.00   0.00659   0.00014
 -0.95   0.00598   0.00013
 -0.90   0.00544   0.00012
 -0.85   0.00496   0.00011
 -0.80   0.00454   0.00010
 -0.75   0.00416   0.00010
 -0.70   0.00382   0.00009
 -0.65   0.00353   0.00009
 -0.60   0.00326   0.00008
 -0.55   0.00302   0.00008
 -0.50   0.00280   0.00008
 -0.45   0.00261   0.00008
 -0.40   0.00244   0.00008
 -0.35   0.00228   0.00007
 -0.30   0.00214   0.00007
 -0.25   0.00201   0.00007
 -0.20   0.00189   0.00007
 -0.15   0.00179   0.00007
 -0.10   0.00169   0.00008
 -0.05   0.00160   0.00008
  0.00   0.00152   0.00008
  0.05   0.00145   0.00008
  0.10   0.00138   0.00009
  0.15   0.00132   0.00009
  0.20   0.00126   0.00009
  0.25   0.00121   0.00010
  0.30   0.00116   0.00011
  0.35   0.00112   0.00011
  0.40   0.00108   0.00012
  0.45   0.00104   0.00013
  0.50   0.00100   0.00014
  0.55   0.00097   0.00016
  0.60   0.00094   0.00017
  0.65   0.00091   0.00019
  0.70   0.00089   0.00022
  0.75   0.00086   0.00024
  0.80   0.00084   0.00027
  0.85   0.00082   0.00031
  0.90   0.00080   0.00035
  0.95   0.00078   0.00040
  1.00   0.00077   0.00046
  1.05   0.00076   0.00053
  1.10   0.00074   0.00061
  1.15   0.00073   0.00071
  1.20   0.00072   0.00083
  1.25   0.00071   0.00097
  1.30   0.00070   0.00114
  1.35   0.00070   0.00135
  1.40   0.00069   0.00159
  1.45   0.00069   0.00189
  1.50   0.00068   0.00226
  1.55   0.00068   0.00269
  1.60   0.00068   0.00323
  1.65   0.00068   0.00387
  1.70   0.00069   0.00465
  1.75   0.00069   0.00560
  1.80   0.00070   0.00675
  1.85   0.00071   0.00815
  1.90   0.00073   0.00985
  1.95   0.00074   0.01191
  2.00   0.00076   0.01440
  2.05   0.00079   0.01741
  2.10   0.00082   0.02104
  2.15   0.00086   0.02542
  2.20   0.00090   0.03068
  2.25   0.00095   0.03698
  2.30   0.00101   0.04451
  2.35   0.00108   0.05346
  2.40   0.00116   0.06407
  2.45   0.00126   0.07659
  2.50   0.00137   0.09127
  2.55   0.00150   0.10840
  2.60   0.00164   0.12826
  2.65   0.00181   0.15113
  2.70   0.00199   0.17728
  2.75   0.00220   0.20692
  2.80   0.00243   0.24024
  2.85   0.00269   0.27732
  2.90   0.00296   0.31815
  2.95   0.00326   0.36258
  3.00   0.00358   0.41031
  3.05   0.00390   0.46086
  3.10   0.00424   0.51353
  3.15   0.00458   0.56743
  3.20   0.00492   0.62144
  3.25   0.00524   0.67425
  3.30   0.00554   0.72438
  3.35   0.00581   0.77024
  3.40   0.00603   0.81017
  3.45   0.00620   0.84256
  3.50   0.00630   0.86592
  3.55   0.00633   0.87899
  3.60   0.00629   0.88081
  3.65   0.00617   0.87085
  3.70   0.00597   0.84905
  3.75   0.00570   0.81585
  3.80   0.00536   0.77220
  3.85   0.00497   0.71953
  3.90   0.00453   0.65966
  3.95   0.00406   0.59468
  4.00   0.00359   0.52685
  4.05   0.00311   0.45844
  4.10   0.00264   0.39155
  4.15   0.00221   0.32806
  4.20   0.00181   0.26947
  4.25   0.00145   0.21685
  4.30   0.00114   0.17087
  4.35   0.00088   0.13175
  4.40   0.00066   0.09933
  4.45   0.00048   0.07318
  4.50   0.00035   0.05266
  4.55   0.00024   0.03698
  4.60   0.00017   0.02532
  4.65   0.00011   0.01690
  4.70   0.00007   0.01098
  4.75   0.00004   0.00695
  4.80   0.00003   0.00428
  4.85   0.00002   0.00256
  4.90   0.00001   0.00148
  4.95   0.00001   0.00084
  5.00   0.00000   0.00046
  5.05   0.00000   0.00024
  5.10   0.00000   0.00012
  5.15   0.00000   0.00006
  5.20   0.00000   0.00003
  5.25   0.00000   0.00001
  5.30   0.00000   0.00001
  5.35   0.00000   0.00000
  5.40   0.00000   0.00000
  5.45   0.00000   0.00000
  5.50   0.00000   0.00000
  5.55   0.00000   0.00000
  5.60   0.00000   0.00000
  5.65   0.00000   0.00000
  5.70   0.00000   0.00000
  5.75   0.00000   0.00000
  5.80   0.00000   0.00000
  5.85   0.00000   0.00000
  5.90   0.00000   0.00000
  5.95   0.00000   0.00000
  6.00   0.00000   0.00000
  6.05   0.00000   0.00000
  6.10   0.00000   0.00000
  6.15   0.00000   0.00000
  6.20   0.00000   0.00000
  6.25   0.00000   0.00000
  6.30   0.00000   0.00000
  6.35   0.00000   0.00000
  6.40   0.00000   0.00000
  6.45   0.00000   0.00000
  6.50   0.00000   0.00000
  6.55   0.00000   0.00000
  6.60   0.00000   0.00000
  6.65   0.00000   0.00000
  6.70   0.00000   0.00000
  6.75   0.00000   0.00000
  6.80   0.00000   0.00000
  6.85   0.00000   0.00000
  6.90   0.00000   0.00000
  6.95   0.00000   0.00000
  7.00   0.00000   0.00000
  7.05   0.00000   0.00000
  7.10   0.00000   0.00000
  7.15   0.00000   0.00000
  7.20   0.00000   0.00000
  7.25   0.00000   0.00000
  7.30   0.00000   0.00000
  7.35   0.00000   0.00000
  7.40   0.00000   0.00000
  7.45   0.00000   0.00000
  7.50   0.00000   0.00000
  7.55   0.00000   0.00000
  7.60   0.00000   0.00000
  7.65   0.00000   0.00000
  7.70   0.00000   0.00000
  7.75   0.00000   0.00000
  7.80   0.00000   0.00000
  7.85   0.00000   0.00000
  7.90   0.00000   0.00000
  7.95   0.00000   0.00000
  8.00   0.00000   0.00000
  8.05   0.00000   0.00000
  8.10   0.00000   0.00000
  8.15   0.00000   0.00000
  8.20   0.00000   0.00000
  8.25   0.00000   0.00000
  8.30   0.00000   0.00000
  8.35   0.00000   0.00000
  8.40   0.00000   0.00000
  8.45   0.00000   0.00000
  8.50   0.00000   0.00000
  8.55   0.00000   0.00000
  8.60   0.00000   0.00000
  8.65   0.00000   0.00000
  8.70   0.00000   0.00000
  8.75   0.00000   0.00000
  8.80   0.00000   0.00000
  8.85   0.00000   0.00000
  8.90   0.00000   0.00000
  8.95   0.00000   0.00000
  9.00   0.00000   0.00000
  9.05   0.00000   0.00000
  9.10   0.00000   0.00000
  9.15   0.00000   0.00000
  9.20   0.00000   0.00000
  9.25   0.00000   0.00000
  9.30   0.00000   0.00000
  9.35   0.00000   0.00000
  9.40   0.00000   0.00000
  9.45   0.00000   0.00000
  9.50   0.00000   0.00000
  9.55   0.00000   0.00000
  9.60   0.00000   0.00000
  9.65   0.00000   0.00000
  9.70   0.00000   0.00000
  9.75   0.00000   0.00000
  9.80   0.00000   0.00000
  9.85   0.00000   0.00000
  9.90   0.00000   0.00000
  9.95   0.00000   0.00000
