-10.00   0.00000   0.00000
 -9.95   0.00000   0.00000
 -9.90   0.00000   0.00000
 -9.85   0.00000   0.00000
 -9.80   0.00000   0.00000
 -9.75   0.00000   0.00000
 -9.70   0.00000   0.00000
 -9.65   0.00000   0.00000
 -9.60   0.00000   0.00000
 -9.55   0.00000   0.00000
 -9.50   0.00000   0.00000
 -9.45   0.00000   0.00000
 -9.40   0.00000   0.00000
 -9.35   0.00000   0.00000
 -9.30   0.00000   0.00000
 -9.25   0.00000   0.00000
 -9.20   0.00000   0.00000
 -9.15   0.00000   0.00000
 -9.10   0.00000   0.00000
 -9.05   0.00000   0.00000
 -9.00   0.00000   0.00000
 -8.95   0.00000   0.00000
 -8.90   0.00000   0.00000
 -8.85   0.00000   0.00000
 -8.80   0.00000   0.00000
 -8.75   0.00000   0.00000
 -8.70   0.00000   0.00000
 -8.65   0.00000   0.00000
 -8.60   0.00000   0.00000
 -8.55   0.00000   0.00000
 -8.50   0.00000   0.00000
 -8.45   0.00000   0.00000
 -8.40   0.00000   0.00000
 -8.35   0.00000   0.00000
 -8.30   0.00000   0.00000
 -8.25   0.00000   0.00000
 -8.20   0.00000   0.00000
 -8.15   0.00000   0.00000
 -8.10   0.00000   0.00000
 -8.05   0.00000   0.00000
 -8.00   0.00000   0.00000
 -7.95   0.00000   0.00000
 -7.90   0.00000   0.00000
 -7.85   0.00000   0.00000
 -7.80   0.00000   0.00000
 -7.75   0.00000   0.00000
 -7.70   0.00000   0.00000
 -7.65   0.00000   0.00000
 -7.60   0.00000   0.00000
 -7.55   0.00000   0.00000
 -7.50   0.00000   0.00000
 -7.45   0.00000   0.00000
 -7.40   0.00000   0.00000
 -7.35   0.00000   0.00000
 -7.30   0.00000   0.00000
 -7.25   0.00000   0.00000
 -7.20   0.00000   0.00000
 -7.15   0.00000   0.00000
 -7.10   0.00000   0.00000
 -7.05   0.00000   0.00000
 -7.00   0.00000   0.00000
 -6.95   0.00000   0.00000
 -6.90   0.00000   0.00000
 -6.85   0.00000   0.00000
 -6.80   0.00000   0.00000
 -6.75   0.00000   0.00000
 -6.70   0.00000   0.00000
 -6.65   0.00000   0.00000
 -6.60   0.00000   0.00000
 -6.55   0.00000   0.00000
 -6.50   0.00000   0.00000
 -6.45   0.00000   0.00000
 -6.40   0.00000   0.00000
 -6.35   0.00000   0.00000
 -6.30   0.00000   0.00000
 -6.25   0.00000   0.00000
 -6.20   0.00000   0.00000
 -6.15   0.00000   0.00000
 -6.10   0.00000   0.00000
 -6.05   0.00000   0.00000
 -6.00   0.00000   0.00000
 -5.95   0.00000   0.00000
 -5.90   0.00000   0.00000
 -5.85   0.00000   0.00000
 -5.80   0.00000   0.00000
 -5.75   0.00000   0.00000
 -5.70   0.00000   0.00000
 -5.65   0.00000   0.00000
 -5.60   0.00000   0.00000
 -5.55   0.00000   0.00000
 -5.50   0.00000   0.00000
 -5.45   0.00000   0.00000
 -5.40   0.00000   0.00000
 -5.35   0.00000   0.00000
 -5.30   0.00000   0.00000
 -5.25   0.00000   0.00000
 -5.20   0.00000   0.00000
 -5.15   0.00001   0.00000
 -5.10   0.00001   0.00000
 -5.05   0.00003   0.00000
 -5.00   0.00006   0.00000
 -4.95   0.00011   0.00000
 -4.90   0.00022   0.00000
 -4.85   0.00040   0.00001
 -4.80   0.00072   0.00001
 -4.75   0.00126   0.00002
 -4.70   0.00213   0.00004
 -4.65   0.00351   0.00006
 -4.60   0.00561   0.00010
 -4.55   0.00874   0.00016
 -4.50   0.01327   0.00024
 -4.45   0.01963   0.00035
 -4.40   0.02835   0.00051
 -4.35   0.03999   0.00071
 -4.30   0.05513   0.00098
 -4.25   0.07434   0.00132
 -4.20   0.09812   0.00174
 -4.15   0.12686   0.00226
 -4.10   0.16078   0.00286
 -4.05   0.19985   0.00355
 -4.00   0.24382   0.00434
 -3.95   0.29215   0.00520
 -3.90   0.34400   0.00612
 -3.85   0.39830   0.00709
 -3.80   0.45374   0.00808
 -3.75   0.50888   0.00906
 -3.70   0.56218   0.01002
 -3.65   0.61213   0.01091
 -3.60   0.65727   0.01171
 -3.55   0.69635   0.01241
 -3.50   0.72832   0.01299
 -3.45   0.75241   0.01342
 -3.40   0.76817   0.01370
 -3.35   0.77543   0.01383
 -3.30   0.77434   0.01381
 -3.25   0.76532   0.01365
 -3.20   0.74900   0.01336
 -3.15   0.72621   0.01295
 -3.10   0.69788   0.01244
 -3.05   0.66504   0.01186
 -3.00   0.62871   0.01121
 -2.95   0.58992   0.01052
 -2.90   0.54963   0.00980
 -2.85   0.50869   0.00907
 -2.80   0.46789   0.00834
 -2.75   0.42787   0.00763
 -2.70   0.38917   0.00694
 -2.65   0.35222   0.00628
 -2.60   0.31731   0.00566
 -2.55   0.28466   0.00508
 -2.50   0.25440   0.00454
 -2.45   0.22658   0.00405
 -2.40   0.20117   0.00360
 -2.35   0.17813   0.00319
 -2.30   0.15735   0.00282
 -2.25   0.13871   0.00249
 -2.20   0.12206   0.00219
 -2.15   0.10726   0.00193
 -2.10   0.09416   0.00169
 -2.05   0.08259   0.00149
 -2.00   0.07240   0.00131
 -1.95   0.06346   0.00115
 -1.90   0.05562   0.00101
 -1.85   0.04876   0.00089
 -1.80   0.04278   0.00078
 -1.75   0.03755   0.00069
 -1.70   0.03300   0.00060
 -1.65   0.02903   0.00053
 -1.60   0.02558   0.00047
 -1.55   0.02257   0.00042
 -1.50   0.01995   0.00037
 -1.45   0.01766   0.00033
 -1.40   0.01567   0.00030
 -1.35   0.01394   0.00027
 -1.30   0.01242   0.00024
 -1.25   0.01110   0.00022
 -1.20   0.00994   0.00020
 -1.15   0.00892   0.00018
 -1.10   0.00803   0.00016
 -1.05   0.00725   0.00015
 -1.00   0.00656   0.00014
 -0.95   0.00595   0.00013
 -0.90   0.00541   0.00012
 -0.85   0.00494   0.00011
 -0.80   0.00451   0.00010
 -0.75   0.00414   0.00010
 -0.70   0.00381   0.00009
 -0.65   0.00351   0.00009
 -0.60   0.00324   0.00008
 -0.55   0.00300   0.00008
 -0.50   0.00279   0.00008
 -0.45   0.00260   0.00008
 -0.40   0.00243   0.00008
 -0.35   0.00227   0.00007
 -0.30   0.00213   0.00007
 -0.25   0.00200   0.00007
 -0.20   0.00188   0.00007
 -0.15   0.00178   0.00007
 -0.10   0.00168   0.00008
 -0.05   0.00160   0.00008
  0.00   0.00152   0.00008
  0.05   0.00144   0.00008
  0.10   0.00137   0.00009
  0.15   0.00131   0.00009
  0.20   0.00126   0.00009
  0.25   0.00120   0.00010
  0.30   0.00116   0.00011
  0.35   0.00111   0.00011
  0.40   0.00107   0.00012
  0.45   0.00103   0.00013
  0.50   0.00100   0.00014
  0.55   0.00097   0.00016
  0.60   0.00094   0.00017
  0.65   0.00091   0.00019
  0.70   0.00088   0.00022
  0.75   0.00086   0.00024
  0.80   0.00084   0.00027
  0.85   0.00082   0.00031
  0.90   0.00080   0.00035
  0.95   0.00078   0.00040
  1.00   0.00077   0.00046
  1.05   0.00075   0.00053
  1.10   0.00074   0.00061
  1.15   0.00073   0.00071
  1.20   0.00072   0.00083
  1.25   0.00071   0.00097
  1.30   0.00071   0.00114
  1.35   0.00070   0.00135
  1.40   0.00070   0.00159
  1.45   0.00069   0.00189
  1.50   0.00069   0.00226
  1.55   0.00069   0.00269
  1.60   0.00070   0.00323
  1.65   0.00070   0.00387
  1.70   0.00071   0.00465
  1.75   0.00072   0.00560
  1.80   0.00073   0.00675
  1.85   0.00075   0.00815
  1.90   0.00077   0.00985
  1.95   0.00080   0.01191
  2.00   0.00083   0.01440
  2.05   0.00087   0.01741
  2.10   0.00092   0.02104
  2.15   0.00098   0.02542
  2.20   0.00105   0.03068
  2.25   0.00113   0.03698
  2.30   0.00123   0.04451
  2.35   0.00135   0.05346
  2.40   0.00148   0.06407
  2.45   0.00164   0.07659
  2.50   0.00182   0.09127
  2.55   0.00204   0.10840
  2.60   0.00228   0.12826
  2.65   0.00256   0.15113
  2.70   0.00288   0.17728
  2.75   0.00323   0.20692
  2.80   0.00363   0.24024
  2.85   0.00407   0.27732
  2.90   0.00455   0.31815
  2.95   0.00507   0.36258
  3.00   0.00562   0.41031
  3.05   0.00621   0.46086
  3.10   0.00681   0.51353
  3.15   0.00742   0.56743
  3.20   0.00802   0.62144
  3.25   0.00861   0.67425
  3.30   0.00916   0.72438
  3.35   0.00965   0.77024
  3.40   0.01007   0.81017
  3.45   0.01040   0.84256
  3.50   0.01062   0.86592
  3.55   0.01071   0.87899
  3.60   0.01068   0.88081
  3.65   0.01051   0.87085
  3.70   0.01020   0.84905
  3.75   0.00977   0.81585
  3.80   0.00921   0.77220
  3.85   0.00856   0.71953
  3.90   0.00782   0.65966
  3.95   0.00703   0.59468
  4.00   0.00622   0.52685
  4.05   0.00540   0.45844
  4.10   0.00460   0.39155
  4.15   0.00385   0.32806
  4.20   0.00316   0.26947
  4.25   0.00254   0.21685
  4.30   0.00199   0.17087
  4.35   0.00154   0.13175
  4.40   0.00116   0.09933
  4.45   0.00085   0.07318
  4.50   0.00061   0.05266
  4.55   0.00043   0.03698
  4.60   0.00029   0.02532
  4.65   0.00019   0.01690
  4.70   0.00013   0.01098
  4.75   0.00008   0.00695
  4.80   0.00005   0.00428
  4.85   0.00003   0.00256
  4.90   0.00002   0.00148
  4.95   0.00001   0.00084
  5.00   0.00000   0.00046
  5.05   0.00000   0.00024
  5.10   0.00000   0.00012
  5.15   0.00000   0.00006
  5.20   0.00000   0.00003
  5.25   0.00000   0.00001
  5.30   0.00000   0.00001
  5.35   0.00000   0.00000
  5.40   0.00000   0.00000
  5.45   0.00000   0.00000
  5.50   0.00000   0.00000
  5.55   0.00000   0.00000
  5.60   0.00000   0.00000
  5.65   0.00000   0.00000
  5.70   0.00000   0.00000
  5.75   0.00000   0.00000
  5.80   0.00000   0.00000
  5.85   0.00000   0.00000
  5.90   0.00000   0.00000
  5.95   0.00000   0.00000
  6.00   0.00000   0.00000
  6.05   0.00000   0.00000
  6.10   0.00000   0.00000
  6.15   0.00000   0.00000
  6.20   0.00000   0.00000
  6.25   0.00000   0.00000
  6.30   0.00000   0.00000
  6.35   0.00000   0.00000
  6.40   0.00000   0.00000
  6.45   0.00000   0.00000
  6.50   0.00000   0.00000
  6.55   0.00000   0.00000
  6.60   0.00000   0.00000
  6.65   0.00000   0.00000
  6.70   0.00000   0.00000
  6.75   0.00000   0.00000
  6.80   0.00000   0.00000
  6.85   0.00000   0.00000
  6.90   0.00000   0.00000
  6.95   0.00000   0.00000
  7.00   0.00000   0.00000
  7.05   0.00000   0.00000
  7.10   0.00000   0.00000
  7.15   0.00000   0.00000
  7.20   0.00000   0.00000
  7.25   0.00000   0.00000
  7.30   0.00000   0.00000
  7.35   0.00000   0.00000
  7.40   0.00000   0.00000
  7.45   0.00000   0.00000
  7.50   0.00000   0.00000
  7.55   0.00000   0.00000
  7.60   0.00000   0.00000
  7.65   0.00000   0.00000
  7.70   0.00000   0.00000
  7.75   0.00000   0.00000
  7.80   0.00000   0.00000
  7.85   0.00000   0.00000
  7.90   0.00000   0.00000
  7.95   0.00000   0.00000
  8.00   0.00000   0.00000
  8.05   0.00000   0.00000
  8.10   0.00000   0.00000
  8.15   0.00000   0.00000
  8.20   0.00000   0.00000
  8.25   0.00000   0.00000
  8.30   0.00000   0.00000
  8.35   0.00000   0.00000
  8.40   0.00000   0.00000
  8.45   0.00000   0.00000
  8.50   0.00000   0.00000
  8.55   0.00000   0.00000
  8.60   0.00000   0.00000
  8.65   0.00000   0.00000
  8.70   0.00000   0.00000
  8.75   0.00000   0.00000
  8.80   0.00000   0.00000
  8.85   0.00000   0.00000
  8.90   0.00000   0.00000
  8.95   0.00000   0.00000
  9.00   0.00000   0.00000
  9.05   0.00000   0.00000
  9.10   0.00000   0.00000
  9.15   0.00000   0.00000
  9.20   0.00000   0.00000
  9.25   0.00000   0.00000
  9.30   0.00000   0.00000
  9.35   0.00000   0.00000
  9.40   0.00000   0.00000
  9.45   0.00000   0.00000
  9.50   0.00000   0.00000
  9.55   0.00000   0.00000
  9.60   0.00000   0.00000
  9.65   0.00000   0.00000
  9.70   0.00000   0.00000
  9.75   0.00000   0.00000
  9.80   0.00000   0.00000
  9.85   0.00000   0.00000
  9.90   0.00000   0.00000
  9.95   0.00000   0.00000
