-10.00   0.00000   0.00000
 -9.95   0.00000   0.00000
 -9.90   0.00000   0.00000
 -9.85   0.00000   0.00000
 -9.80   0.00000   0.00000
 -9.75   0.00000   0.00000
 -9.70   0.00000   0.00000
 -9.65   0.00000   0.00000
 -9.60   0.00000   0.00000
 -9.55   0.00000   0.00000
 -9.50   0.00000   0.00000
 -9.45   0.00000   0.00000
 -9.40   0.00000   0.00000
 -9.35   0.00000   0.00000
 -9.30   0.00000   0.00000
 -9.25   0.00000   0.00000
 -9.20   0.00000   0.00000
 -9.15   0.00000   0.00000
 -9.10   0.00000   0.00000
 -9.05   0.00000   0.00000
 -9.00   0.00000   0.00000
 -8.95   0.00000   0.00000
 -8.90   0.00000   0.00000
 -8.85   0.00000   0.00000
 -8.80   0.00000   0.00000
 -8.75   0.00000   0.00000
 -8.70   0.00000   0.00000
 -8.65   0.00000   0.00000
 -8.60   0.00000   0.00000
 -8.55   0.00000   0.00000
 -8.50   0.00000   0.00000
 -8.45   0.00000   0.00000
 -8.40   0.00000   0.00000
 -8.35   0.00000   0.00000
 -8.30   0.00000   0.00000
 -8.25   0.00000   0.00000
 -8.20   0.00000   0.00000
 -8.15   0.00000   0.00000
 -8.10   0.00000   0.00000
 -8.05   0.00000   0.00000
 -8.00   0.00000   0.00000
 -7.95   0.00000   0.00000
 -7.90   0.00000   0.00000
 -7.85   0.00000   0.00000
 -7.80   0.00000   0.00000
 -7.75   0.00000   0.00000
 -7.70   0.00000   0.00000
 -7.65   0.00000   0.00000
 -7.60   0.00000   0.00000
 -7.55   0.00000   0.00000
 -7.50   0.00000   0.00000
 -7.45   0.00000   0.00000
 -7.40   0.00000   0.00000
 -7.35   0.00000   0.00000
 -7.30   0.00000   0.00000
 -7.25   0.00000   0.00000
 -7.20   0.00000   0.00000
 -7.15   0.00000   0.00000
 -7.10   0.00000   0.00000
 -7.05   0.00000   0.00000
 -7.00   0.00000   0.00000
 -6.95   0.00000   0.00000
 -6.90   0.00000   0.00000
 -6.85   0.00000   0.00000
 -6.80   0.00000   0.00000
 -6.75   0.00000   0.00000
 -6.70   0.00000   0.00000
 -6.65   0.00000   0.00000
 -6.60   0.00000   0.00000
 -6.55   0.00000   0.00000
 -6.50   0.00000   0.00000
 -6.45   0.00000   0.00000
 -6.40   0.00000   0.00000
 -6.35   0.00000   0.00000
 -6.30   0.00000   0.00000
 -6.25   0.00000   0.00000
 -6.20   0.00000   0.00000
 -6.15   0.00000   0.00000
 -6.10   0.00000   0.00000
 -6.05   0.00000   0.00000
 -6.00   0.00000   0.00000
 -5.95   0.00000   0.00000
 -5.90   0.00000   0.00000
 -5.85   0.00000   0.00000
 -5.80   0.00000   0.00000
 -5.75   0.00000   0.00000
 -5.70   0.00000   0.00000
 -5.65   0.00000   0.00000
 -5.60   0.00000   0.00000
 -5.55   0.00000   0.00000
 -5.50   0.00000   0.00000
 -5.45   0.00000   0.00000
 -5.40   0.00000   0.00000
 -5.35   0.00000   0.00000
 -5.30   0.00000   0.00000
 -5.25   0.00000   0.00000
 -5.20   0.00000   0.00000
 -5.15   0.00001   0.00000
 -5.10   0.00001   0.00000
 -5.05   0.00003   0.00000
 -5.00   0.00006   0.00000
 -4.95   0.00011   0.00000
 -4.90   0.00022   0.00000
 -4.85   0.00040   0.00001
 -4.80   0.00072   0.00001
 -4.75   0.00126   0.00002
 -4.70   0.00214   0.00004
 -4.65   0.00351   0.00006
 -4.60   0.00562   0.00010
 -4.55   0.00875   0.00016
 -4.50   0.01328   0.00024
 -4.45   0.01965   0.00035
 -4.40   0.02838   0.00051
 -4.35   0.04003   0.00071
 -4.30   0.05518   0.00098
 -4.25   0.07441   0.00132
 -4.20   0.09822   0.00174
 -4.15   0.12699   0.00226
 -4.10   0.16093   0.00286
 -4.05   0.20005   0.00355
 -4.00   0.24407   0.00434
 -3.95   0.29244   0.00520
 -3.90   0.34434   0.00612
 -3.85   0.39869   0.00709
 -3.80   0.45419   0.00808
 -3.75   0.50939   0.00906
 -3.70   0.56274   0.01002
 -3.65   0.61273   0.01091
 -3.60   0.65792   0.01171
 -3.55   0.69704   0.01241
 -3.50   0.72904   0.01299
 -3.45   0.75316   0.01342
 -3.40   0.76893   0.01370
 -3.35   0.77620   0.01383
 -3.30   0.77511   0.01381
 -3.25   0.76608   0.01365
 -3.20   0.74974   0.01336
 -3.15   0.72693   0.01295
 -3.10   0.69857   0.01244
 -3.05   0.66570   0.01186
 -3.00   0.62934   0.01121
 -2.95   0.59051   0.01052
 -2.90   0.55017   0.00980
 -2.85   0.50920   0.00907
 -2.80   0.46835   0.00834
 -2.75   0.42829   0.00763
 -2.70   0.38956   0.00694
 -2.65   0.35257   0.00628
 -2.60   0.31762   0.00566
 -2.55   0.28495   0.00508
 -2.50   0.25466   0.00454
 -2.45   0.22680   0.00405
 -2.40   0.20137   0.00360
 -2.35   0.17830   0.00319
 -2.30   0.15750   0.00282
 -2.25   0.13884   0.00249
 -2.20   0.12218   0.00219
 -2.15   0.10737   0.00193
 -2.10   0.09425   0.00169
 -2.05   0.08267   0.00149
 -2.00   0.07247   0.00131
 -1.95   0.06352   0.00115
 -1.90   0.05567   0.00101
 -1.85   0.04881   0.00089
 -1.80   0.04282   0.00078
 -1.75   0.03759   0.00069
 -1.70   0.03303   0.00060
 -1.65   0.02906   0.00053
 -1.60   0.02560   0.00047
 -1.55   0.02259   0.00042
 -1.50   0.01997   0.00037
 -1.45   0.01768   0.00033
 -1.40   0.01569   0.00030
 -1.35   0.01395   0.00027
 -1.30   0.01243   0.00024
 -1.25   0.01111   0.00022
 -1.20   0.00995   0.00020
 -1.15   0.00893   0.00018
 -1.10   0.00804   0.00016
 -1.05   0.00725   0.00015
 -1.00   0.00656   0.00014
 -0.95   0.00595   0.00013
 -0.90   0.00542   0.00012
 -0.85   0.00494   0.00011
 -0.80   0.00452   0.00010
 -0.75   0.00414   0.00010
 -0.70   0.00381   0.00009
 -0.65   0.00351   0.00009
 -0.60   0.00325   0.00008
 -0.55   0.00301   0.00008
 -0.50   0.00279   0.00008
 -0.45   0.00260   0.00008
 -0.40   0.00243   0.00008
 -0.35   0.00227   0.00007
 -0.30   0.00213   0.00007
 -0.25   0.00200   0.00007
 -0.20   0.00189   0.00007
 -0.15   0.00178   0.00007
 -0.10   0.00168   0.00008
 -0.05   0.00160   0.00008
  0.00   0.00152   0.00008
  0.05   0.00144   0.00008
  0.10   0.00138   0.00009
  0.15   0.00131   0.00009
  0.20   0.00126   0.00009
  0.25   0.00121   0.00010
  0.30   0.00116   0.00011
  0.35   0.00111   0.00011
  0.40   0.00107   0.00012
  0.45   0.00103   0.00013
  0.50   0.00100   0.00014
  0.55   0.00097   0.00016
  0.60   0.00094   0.00017
  0.65   0.00091   0.00019
  0.70   0.00088   0.00022
  0.75   0.00086   0.00024
  0.80   0.00084   0.00027
  0.85   0.00082   0.00031
  0.90   0.00080   0.00035
  0.95   0.00078   0.00040
  1.00   0.00077   0.00046
  1.05   0.00075   0.00053
  1.10   0.00074   0.00061
  1.15   0.00073   0.00071
  1.20   0.00072   0.00083
  1.25   0.00071   0.00097
  1.30   0.00071   0.00114
  1.35   0.00070   0.00135
  1.40   0.00069   0.00159
  1.45   0.00069   0.00189
  1.50   0.00069   0.00226
  1.55   0.00069   0.00269
  1.60   0.00069   0.00323
  1.65   0.00070   0.00387
  1.70   0.00070   0.00465
  1.75   0.00071   0.00560
  1.80   0.00073   0.00675
  1.85   0.00074   0.00815
  1.90   0.00076   0.00985
  1.95   0.00079   0.01191
  2.00   0.00082   0.01440
  2.05   0.00086   0.01741
  2.10   0.00090   0.02104
  2.15   0.00096   0.02542
  2.20   0.00102   0.03068
  2.25   0.00110   0.03698
  2.30   0.00119   0.04451
  2.35   0.00129   0.05346
  2.40   0.00142   0.06407
  2.45   0.00156   0.07659
  2.50   0.00173   0.09127
  2.55   0.00193   0.10840
  2.60   0.00215   0.12826
  2.65   0.00241   0.15113
  2.70   0.00270   0.17728
  2.75   0.00303   0.20692
  2.80   0.00339   0.24024
  2.85   0.00379   0.27732
  2.90   0.00423   0.31815
  2.95   0.00471   0.36258
  3.00   0.00521   0.41031
  3.05   0.00575   0.46086
  3.10   0.00629   0.51353
  3.15   0.00685   0.56743
  3.20   0.00740   0.62144
  3.25   0.00794   0.67425
  3.30   0.00844   0.72438
  3.35   0.00888   0.77024
  3.40   0.00926   0.81017
  3.45   0.00956   0.84256
  3.50   0.00976   0.86592
  3.55   0.00984   0.87899
  3.60   0.00980   0.88081
  3.65   0.00964   0.87085
  3.70   0.00936   0.84905
  3.75   0.00895   0.81585
  3.80   0.00844   0.77220
  3.85   0.00784   0.71953
  3.90   0.00716   0.65966
  3.95   0.00644   0.59468
  4.00   0.00569   0.52685
  4.05   0.00494   0.45844
  4.10   0.00421   0.39155
  4.15   0.00352   0.32806
  4.20   0.00289   0.26947
  4.25   0.00232   0.21685
  4.30   0.00182   0.17087
  4.35   0.00140   0.13175
  4.40   0.00106   0.09933
  4.45   0.00078   0.07318
  4.50   0.00056   0.05266
  4.55   0.00039   0.03698
  4.60   0.00027   0.02532
  4.65   0.00018   0.01690
  4.70   0.00011   0.01098
  4.75   0.00007   0.00695
  4.80   0.00004   0.00428
  4.85   0.00003   0.00256
  4.90   0.00001   0.00148
  4.95   0.00001   0.00084
  5.00   0.00000   0.00046
  5.05   0.00000   0.00024
  5.10   0.00000   0.00012
  5.15   0.00000   0.00006
  5.20   0.00000   0.00003
  5.25   0.00000   0.00001
  5.30   0.00000   0.00001
  5.35   0.00000   0.00000
  5.40   0.00000   0.00000
  5.45   0.00000   0.00000
  5.50   0.00000   0.00000
  5.55   0.00000   0.00000
  5.60   0.00000   0.00000
  5.65   0.00000   0.00000
  5.70   0.00000   0.00000
  5.75   0.00000   0.00000
  5.80   0.00000   0.00000
  5.85   0.00000   0.00000
  5.90   0.00000   0.00000
  5.95   0.00000   0.00000
  6.00   0.00000   0.00000
  6.05   0.00000   0.00000
  6.10   0.00000   0.00000
  6.15   0.00000   0.00000
  6.20   0.00000   0.00000
  6.25   0.00000   0.00000
  6.30   0.00000   0.00000
  6.35   0.00000   0.00000
  6.40   0.00000   0.00000
  6.45   0.00000   0.00000
  6.50   0.00000   0.00000
  6.55   0.00000   0.00000
  6.60   0.00000   0.00000
  6.65   0.00000   0.00000
  6.70   0.00000   0.00000
  6.75   0.00000   0.00000
  6.80   0.00000   0.00000
  6.85   0.00000   0.00000
  6.90   0.00000   0.00000
  6.95   0.00000   0.00000
  7.00   0.00000   0.00000
  7.05   0.00000   0.00000
  7.10   0.00000   0.00000
  7.15   0.00000   0.00000
  7.20   0.00000   0.00000
  7.25   0.00000   0.00000
  7.30   0.00000   0.00000
  7.35   0.00000   0.00000
  7.40   0.00000   0.00000
  7.45   0.00000   0.00000
  7.50   0.00000   0.00000
  7.55   0.00000   0.00000
  7.60   0.00000   0.00000
  7.65   0.00000   0.00000
  7.70   0.00000   0.00000
  7.75   0.00000   0.00000
  7.80   0.00000   0.00000
  7.85   0.00000   0.00000
  7.90   0.00000   0.00000
  7.95   0.00000   0.00000
  8.00   0.00000   0.00000
  8.05   0.00000   0.00000
  8.10   0.00000   0.00000
  8.15   0.00000   0.00000
  8.20   0.00000   0.00000
  8.25   0.00000   0.00000
  8.30   0.00000   0.00000
  8.35   0.00000   0.00000
  8.40   0.00000   0.00000
  8.45   0.00000   0.00000
  8.50   0.00000   0.00000
  8.55   0.00000   0.00000
  8.60   0.00000   0.00000
  8.65   0.00000   0.00000
  8.70   0.00000   0.00000
  8.75   0.00000   0.00000
  8.80   0.00000   0.00000
  8.85   0.00000   0.00000
  8.90   0.00000   0.00000
  8.95   0.00000   0.00000
  9.00   0.00000   0.00000
  9.05   0.00000   0.00000
  9.10   0.00000   0.00000
  9.15   0.00000   0.00000
  9.20   0.00000   0.00000
  9.25   0.00000   0.00000
  9.30   0.00000   0.00000
  9.35   0.00000   0.00000
  9.40   0.00000   0.00000
  9.45   0.00000   0.00000
  9.50   0.00000   0.00000
  9.55   0.00000   0.00000
  9.60   0.00000   0.00000
  9.65   0.00000   0.00000
  9.70   0.00000   0.00000
  9.75   0.00000   0.00000
  9.80   0.00000   0.00000
  9.85   0.00000   0.00000
  9.90   0.00000   0.00000
  9.95   0.00000   0.00000
