-10.00   0.00000   0.00000
 -9.95   0.00000   0.00000
 -9.90   0.00000   0.00000
 -9.85   0.00000   0.00000
 -9.80   0.00000   0.00000
 -9.75   0.00000   0.00000
 -9.70   0.00000   0.00000
 -9.65   0.00000   0.00000
 -9.60   0.00000   0.00000
 -9.55   0.00000   0.00000
 -9.50   0.00000   0.00000
 -9.45   0.00000   0.00000
 -9.40   0.00000   0.00000
 -9.35   0.00000   0.00000
 -9.30   0.00000   0.00000
 -9.25   0.00000   0.00000
 -9.20   0.00000   0.00000
 -9.15   0.00000   0.00000
 -9.10   0.00000   0.00000
 -9.05   0.00000   0.00000
 -9.00   0.00000   0.00000
 -8.95   0.00000   0.00000
 -8.90   0.00000   0.00000
 -8.85   0.00000   0.00000
 -8.80   0.00000   0.00000
 -8.75   0.00000   0.00000
 -8.70   0.00000   0.00000
 -8.65   0.00000   0.00000
 -8.60   0.00000   0.00000
 -8.55   0.00000   0.00000
 -8.50   0.00000   0.00000
 -8.45   0.00000   0.00000
 -8.40   0.00000   0.00000
 -8.35   0.00000   0.00000
 -8.30   0.00000   0.00000
 -8.25   0.00000   0.00000
 -8.20   0.00000   0.00000
 -8.15   0.00000   0.00000
 -8.10   0.00000   0.00000
 -8.05   0.00000   0.00000
 -8.00   0.00000   0.00000
 -7.95   0.00000   0.00000
 -7.90   0.00000   0.00000
 -7.85   0.00000   0.00000
 -7.80   0.00000   0.00000
 -7.75   0.00000   0.00000
 -7.70   0.00000   0.00000
 -7.65   0.00000   0.00000
 -7.60   0.00000   0.00000
 -7.55   0.00000   0.00000
 -7.50   0.00000   0.00000
 -7.45   0.00000   0.00000
 -7.40   0.00000   0.00000
 -7.35   0.00000   0.00000
 -7.30   0.00000   0.00000
 -7.25   0.00000   0.00000
 -7.20   0.00000   0.00000
 -7.15   0.00000   0.00000
 -7.10   0.00000   0.00000
 -7.05   0.00000   0.00000
 -7.00   0.00000   0.00000
 -6.95   0.00000   0.00000
 -6.90   0.00000   0.00000
 -6.85   0.00000   0.00000
 -6.80   0.00000   0.00000
 -6.75   0.00000   0.00000
 -6.70   0.00000   0.00000
 -6.65   0.00000   0.00000
 -6.60   0.00000   0.00000
 -6.55   0.00000   0.00000
 -6.50   0.00000   0.00000
 -6.45   0.00000   0.00000
 -6.40   0.00000   0.00000
 -6.35   0.00000   0.00000
 -6.30   0.00000   0.00000
 -6.25   0.00000   0.00000
 -6.20   0.00000   0.00000
 -6.15   0.00000   0.00000
 -6.10   0.00000   0.00000
 -6.05   0.00000   0.00000
 -6.00   0.00000   0.00000
 -5.95   0.00000   0.00000
 -5.90   0.00000   0.00000
 -5.85   0.00000   0.00000
 -5.80   0.00000   0.00000
 -5.75   0.00000   0.00000
 -5.70   0.00000   0.00000
 -5.65   0.00000   0.00000
 -5.60   0.00000   0.00000
 -5.55   0.00000   0.00000
 -5.50   0.00000   0.00000
 -5.45   0.00000   0.00000
 -5.40   0.00000   0.00000
 -5.35   0.00000   0.00000
 -5.30   0.00000   0.00000
 -5.25   0.00000   0.00000
 -5.20   0.00000   0.00000
 -5.15   0.00001   0.00000
 -5.10   0.00001   0.00000
 -5.05   0.00003   0.00000
 -5.00   0.00006   0.00000
 -4.95   0.00011   0.00000
 -4.90   0.00022   0.00000
 -4.85   0.00040   0.00001
 -4.80   0.00072   0.00001
 -4.75   0.00126   0.00002
 -4.70   0.00213   0.00004
 -4.65   0.00350   0.00006
 -4.60   0.00559   0.00010
 -4.55   0.00871   0.00016
 -4.50   0.01322   0.00024
 -4.45   0.01956   0.00035
 -4.40   0.02824   0.00051
 -4.35   0.03983   0.00071
 -4.30   0.05491   0.00098
 -4.25   0.07404   0.00132
 -4.20   0.09773   0.00174
 -4.15   0.12636   0.00226
 -4.10   0.16014   0.00286
 -4.05   0.19906   0.00355
 -4.00   0.24286   0.00434
 -3.95   0.29099   0.00520
 -3.90   0.34264   0.00612
 -3.85   0.39672   0.00709
 -3.80   0.45195   0.00808
 -3.75   0.50687   0.00906
 -3.70   0.55996   0.01002
 -3.65   0.60971   0.01091
 -3.60   0.65467   0.01171
 -3.55   0.69360   0.01241
 -3.50   0.72544   0.01299
 -3.45   0.74944   0.01342
 -3.40   0.76513   0.01370
 -3.35   0.77236   0.01383
 -3.30   0.77128   0.01381
 -3.25   0.76229   0.01365
 -3.20   0.74604   0.01336
 -3.15   0.72334   0.01295
 -3.10   0.69512   0.01244
 -3.05   0.66241   0.01186
 -3.00   0.62623   0.01121
 -2.95   0.58759   0.01052
 -2.90   0.54745   0.00980
 -2.85   0.50668   0.00907
 -2.80   0.46604   0.00834
 -2.75   0.42618   0.00763
 -2.70   0.38763   0.00694
 -2.65   0.35082   0.00628
 -2.60   0.31606   0.00566
 -2.55   0.28354   0.00508
 -2.50   0.25340   0.00454
 -2.45   0.22568   0.00405
 -2.40   0.20038   0.00360
 -2.35   0.17742   0.00319
 -2.30   0.15672   0.00282
 -2.25   0.13816   0.00249
 -2.20   0.12158   0.00219
 -2.15   0.10684   0.00193
 -2.10   0.09379   0.00169
 -2.05   0.08226   0.00149
 -2.00   0.07211   0.00131
 -1.95   0.06321   0.00115
 -1.90   0.05540   0.00101
 -1.85   0.04857   0.00089
 -1.80   0.04261   0.00078
 -1.75   0.03740   0.00069
 -1.70   0.03287   0.00060
 -1.65   0.02892   0.00053
 -1.60   0.02547   0.00047
 -1.55   0.02248   0.00042
 -1.50   0.01987   0.00037
 -1.45   0.01759   0.00033
 -1.40   0.01561   0.00030
 -1.35   0.01388   0.00027
 -1.30   0.01237   0.00024
 -1.25   0.01105   0.00022
 -1.20   0.00990   0.00020
 -1.15   0.00889   0.00018
 -1.10   0.00800   0.00016
 -1.05   0.00722   0.00015
 -1.00   0.00653   0.00014
 -0.95   0.00593   0.00013
 -0.90   0.00539   0.00012
 -0.85   0.00492   0.00011
 -0.80   0.00450   0.00010
 -0.75   0.00412   0.00010
 -0.70   0.00379   0.00009
 -0.65   0.00349   0.00009
 -0.60   0.00323   0.00008
 -0.55   0.00299   0.00008
 -0.50   0.00278   0.00008
 -0.45   0.00259   0.00008
 -0.40   0.00242   0.00008
 -0.35   0.00226   0.00007
 -0.30   0.00212   0.00007
 -0.25   0.00199   0.00007
 -0.20   0.00188   0.00007
 -0.15   0.00177   0.00007
 -0.10   0.00168   0.00008
 -0.05   0.00159   0.00008
  0.00   0.00151   0.00008
  0.05   0.00144   0.00008
  0.10   0.00137   0.00009
  0.15   0.00131   0.00009
  0.20   0.00125   0.00009
  0.25   0.00120   0.00010
  0.30   0.00115   0.00011
  0.35   0.00111   0.00011
  0.40   0.00107   0.00012
  0.45   0.00103   0.00013
  0.50   0.00100   0.00014
  0.55   0.00096   0.00016
  0.60   0.00093   0.00017
  0.65   0.00091   0.00019
  0.70   0.00088   0.00022
  0.75   0.00086   0.00024
  0.80   0.00084   0.00027
  0.85   0.00082   0.00031
  0.90   0.00080   0.00035
  0.95   0.00078   0.00040
  1.00   0.00077   0.00046
  1.05   0.00075   0.00053
  1.10   0.00074   0.00061
  1.15   0.00073   0.00071
  1.20   0.00072   0.00083
  1.25   0.00071   0.00097
  1.30   0.00071   0.00114
  1.35   0.00070   0.00135
  1.40   0.00070   0.00159
  1.45   0.00070   0.00189
  1.50   0.00070   0.00226
  1.55   0.00070   0.00269
  1.60   0.00071   0.00323
  1.65   0.00071   0.00387
  1.70   0.00072   0.00465
  1.75   0.00074   0.00560
  1.80   0.00076   0.00675
  1.85   0.00078   0.00815
  1.90   0.00081   0.00985
  1.95   0.00084   0.01191
  2.00   0.00089   0.01440
  2.05   0.00094   0.01741
  2.10   0.00100   0.02104
  2.15   0.00108   0.02542
  2.20   0.00117   0.03068
  2.25   0.00128   0.03698
  2.30   0.00140   0.04451
  2.35   0.00156   0.05346
  2.40   0.00173   0.06407
  2.45   0.00194   0.07659
  2.50   0.00218   0.09127
  2.55   0.00246   0.10840
  2.60   0.00279   0.12826
  2.65   0.00316   0.15113
  2.70   0.00358   0.17728
  2.75   0.00405   0.20692
  2.80   0.00459   0.24024
  2.85   0.00517   0.27732
  2.90   0.00581   0.31815
  2.95   0.00651   0.36258
  3.00   0.00725   0.41031
  3.05   0.00804   0.46086
  3.10   0.00885   0.51353
  3.15   0.00967   0.56743
  3.20   0.01049   0.62144
  3.25   0.01129   0.67425
  3.30   0.01204   0.72438
  3.35   0.01271   0.77024
  3.40   0.01329   0.81017
  3.45   0.01375   0.84256
  3.50   0.01406   0.86592
  3.55   0.01421   0.87899
  3.60   0.01418   0.88081
  3.65   0.01397   0.87085
  3.70   0.01358   0.84905
  3.75   0.01301   0.81585
  3.80   0.01228   0.77220
  3.85   0.01142   0.71953
  3.90   0.01045   0.65966
  3.95   0.00940   0.59468
  4.00   0.00831   0.52685
  4.05   0.00722   0.45844
  4.10   0.00616   0.39155
  4.15   0.00516   0.32806
  4.20   0.00423   0.26947
  4.25   0.00340   0.21685
  4.30   0.00268   0.17087
  4.35   0.00206   0.13175
  4.40   0.00155   0.09933
  4.45   0.00114   0.07318
  4.50   0.00082   0.05266
  4.55   0.00057   0.03698
  4.60   0.00039   0.02532
  4.65   0.00026   0.01690
  4.70   0.00017   0.01098
  4.75   0.00011   0.00695
  4.80   0.00006   0.00428
  4.85   0.00004   0.00256
  4.90   0.00002   0.00148
  4.95   0.00001   0.00084
  5.00   0.00001   0.00046
  5.05   0.00000   0.00024
  5.10   0.00000   0.00012
  5.15   0.00000   0.00006
  5.20   0.00000   0.00003
  5.25   0.00000   0.00001
  5.30   0.00000   0.00001
  5.35   0.00000   0.00000
  5.40   0.00000   0.00000
  5.45   0.00000   0.00000
  5.50   0.00000   0.00000
  5.55   0.00000   0.00000
  5.60   0.00000   0.00000
  5.65   0.00000   0.00000
  5.70   0.00000   0.00000
  5.75   0.00000   0.00000
  5.80   0.00000   0.00000
  5.85   0.00000   0.00000
  5.90   0.00000   0.00000
  5.95   0.00000   0.00000
  6.00   0.00000   0.00000
  6.05   0.00000   0.00000
  6.10   0.00000   0.00000
  6.15   0.00000   0.00000
  6.20   0.00000   0.00000
  6.25   0.00000   0.00000
  6.30   0.00000   0.00000
  6.35   0.00000   0.00000
  6.40   0.00000   0.00000
  6.45   0.00000   0.00000
  6.50   0.00000   0.00000
  6.55   0.00000   0.00000
  6.60   0.00000   0.00000
  6.65   0.00000   0.00000
  6.70   0.00000   0.00000
  6.75   0.00000   0.00000
  6.80   0.00000   0.00000
  6.85   0.00000   0.00000
  6.90   0.00000   0.00000
  6.95   0.00000   0.00000
  7.00   0.00000   0.00000
  7.05   0.00000   0.00000
  7.10   0.00000   0.00000
  7.15   0.00000   0.00000
  7.20   0.00000   0.00000
  7.25   0.00000   0.00000
  7.30   0.00000   0.00000
  7.35   0.00000   0.00000
  7.40   0.00000   0.00000
  7.45   0.00000   0.00000
  7.50   0.00000   0.00000
  7.55   0.00000   0.00000
  7.60   0.00000   0.00000
  7.65   0.00000   0.00000
  7.70   0.00000   0.00000
  7.75   0.00000   0.00000
  7.80   0.00000   0.00000
  7.85   0.00000   0.00000
  7.90   0.00000   0.00000
  7.95   0.00000   0.00000
  8.00   0.00000   0.00000
  8.05   0.00000   0.00000
  8.10   0.00000   0.00000
  8.15   0.00000   0.00000
  8.20   0.00000   0.00000
  8.25   0.00000   0.00000
  8.30   0.00000   0.00000
  8.35   0.00000   0.00000
  8.40   0.00000   0.00000
  8.45   0.00000   0.00000
  8.50   0.00000   0.00000
  8.55   0.00000   0.00000
  8.60   0.00000   0.00000
  8.65   0.00000   0.00000
  8.70   0.00000   0.00000
  8.75   0.00000   0.00000
  8.80   0.00000   0.00000
  8.85   0.00000   0.00000
  8.90   0.00000   0.00000
  8.95   0.00000   0.00000
  9.00   0.00000   0.00000
  9.05   0.00000   0.00000
  9.10   0.00000   0.00000
  9.15   0.00000   0.00000
  9.20   0.00000   0.00000
  9.25   0.00000   0.00000
  9.30   0.00000   0.00000
  9.35   0.00000   0.00000
  9.40   0.00000   0.00000
  9.45   0.00000   0.00000
  9.50   0.00000   0.00000
  9.55   0.00000   0.00000
  9.60   0.00000   0.00000
  9.65   0.00000   0.00000
  9.70   0.00000   0.00000
  9.75   0.00000   0.00000
  9.80   0.00000   0.00000
  9.85   0.00000   0.00000
  9.90   0.00000   0.00000
  9.95   0.00000   0.00000
