-10.00   0.00000   0.00000
 -9.95   0.00000   0.00000
 -9.90   0.00000   0.00000
 -9.85   0.00000   0.00000
 -9.80   0.00000   0.00000
 -9.75   0.00000   0.00000
 -9.70   0.00000   0.00000
 -9.65   0.00000   0.00000
 -9.60   0.00000   0.00000
 -9.55   0.00000   0.00000
 -9.50   0.00000   0.00000
 -9.45   0.00000   0.00000
 -9.40   0.00000   0.00000
 -9.35   0.00000   0.00000
 -9.30   0.00000   0.00000
 -9.25   0.00000   0.00000
 -9.20   0.00000   0.00000
 -9.15   0.00000   0.00000
 -9.10   0.00000   0.00000
 -9.05   0.00000   0.00000
 -9.00   0.00000   0.00000
 -8.95   0.00000   0.00000
 -8.90   0.00000   0.00000
 -8.85   0.00000   0.00000
 -8.80   0.00000   0.00000
 -8.75   0.00000   0.00000
 -8.70   0.00000   0.00000
 -8.65   0.00000   0.00000
 -8.60   0.00000   0.00000
 -8.55   0.00000   0.00000
 -8.50   0.00000   0.00000
 -8.45   0.00000   0.00000
 -8.40   0.00000   0.00000
 -8.35   0.00000   0.00000
 -8.30   0.00000   0.00000
 -8.25   0.00000   0.00000
 -8.20   0.00000   0.00000
 -8.15   0.00000   0.00000
 -8.10   0.00000   0.00000
 -8.05   0.00000   0.00000
 -8.00   0.00000   0.00000
 -7.95   0.00000   0.00000
 -7.90   0.00000   0.00000
 -7.85   0.00000   0.00000
 -7.80   0.00000   0.00000
 -7.75   0.00000   0.00000
 -7.70   0.00000   0.00000
 -7.65   0.00000   0.00000
 -7.60   0.00000   0.00000
 -7.55   0.00000   0.00000
 -7.50   0.00000   0.00000
 -7.45   0.00000   0.00000
 -7.40   0.00000   0.00000
 -7.35   0.00000   0.00000
 -7.30   0.00000   0.00000
 -7.25   0.00000   0.00000
 -7.20   0.00000   0.00000
 -7.15   0.00000   0.00000
 -7.10   0.00000   0.00000
 -7.05   0.00000   0.00000
 -7.00   0.00000   0.00000
 -6.95   0.00000   0.00000
 -6.90   0.00000   0.00000
 -6.85   0.00000   0.00000
 -6.80   0.00000   0.00000
 -6.75   0.00000   0.00000
 -6.70   0.00000   0.00000
 -6.65   0.00000   0.00000
 -6.60   0.00000   0.00000
 -6.55   0.00000   0.00000
 -6.50   0.00000   0.00000
 -6.45   0.00000   0.00000
 -6.40   0.00000   0.00000
 -6.35   0.00000   0.00000
 -6.30   0.00000   0.00000
 -6.25   0.00000   0.00000
 -6.20   0.00000   0.00000
 -6.15   0.00000   0.00000
 -6.10   0.00000   0.00000
 -6.05   0.00000   0.00000
 -6.00   0.00000   0.00000
 -5.95   0.00000   0.00000
 -5.90   0.00000   0.00000
 -5.85   0.00000   0.00000
 -5.80   0.00000   0.00000
 -5.75   0.00000   0.00000
 -5.70   0.00000   0.00000
 -5.65   0.00000   0.00000
 -5.60   0.00000   0.00000
 -5.55   0.00000   0.00000
 -5.50   0.00000   0.00000
 -5.45   0.00000   0.00000
 -5.40   0.00000   0.00000
 -5.35   0.00000   0.00000
 -5.30   0.00000   0.00000
 -5.25   0.00000   0.00000
 -5.20   0.00000   0.00000
 -5.15   0.00001   0.00000
 -5.10   0.00001   0.00000
 -5.05   0.00003   0.00000
 -5.00   0.00006   0.00000
 -4.95   0.00011   0.00000
 -4.90   0.00022   0.00000
 -4.85   0.00040   0.00001
 -4.80   0.00072   0.00001
 -4.75   0.00125   0.00002
 -4.70   0.00212   0.00004
 -4.65   0.00348   0.00006
 -4.60   0.00557   0.00010
 -4.55   0.00868   0.00016
 -4.50   0.01316   0.00024
 -4.45   0.01948   0.00035
 -4.40   0.02813   0.00051
 -4.35   0.03967   0.00071
 -4.30   0.05469   0.00098
 -4.25   0.07375   0.00132
 -4.20   0.09735   0.00174
 -4.15   0.12586   0.00226
 -4.10   0.15951   0.00286
 -4.05   0.19827   0.00355
 -4.00   0.24190   0.00434
 -3.95   0.28984   0.00520
 -3.90   0.34129   0.00612
 -3.85   0.39516   0.00709
 -3.80   0.45016   0.00808
 -3.75   0.50487   0.00906
 -3.70   0.55775   0.01002
 -3.65   0.60730   0.01091
 -3.60   0.65209   0.01171
 -3.55   0.69086   0.01241
 -3.50   0.72257   0.01299
 -3.45   0.74648   0.01342
 -3.40   0.76211   0.01370
 -3.35   0.76931   0.01383
 -3.30   0.76823   0.01381
 -3.25   0.75928   0.01365
 -3.20   0.74309   0.01336
 -3.15   0.72048   0.01295
 -3.10   0.69237   0.01244
 -3.05   0.65979   0.01186
 -3.00   0.62375   0.01121
 -2.95   0.58527   0.01052
 -2.90   0.54529   0.00980
 -2.85   0.50468   0.00907
 -2.80   0.46420   0.00834
 -2.75   0.42449   0.00763
 -2.70   0.38610   0.00694
 -2.65   0.34944   0.00628
 -2.60   0.31481   0.00566
 -2.55   0.28242   0.00508
 -2.50   0.25240   0.00454
 -2.45   0.22479   0.00405
 -2.40   0.19958   0.00360
 -2.35   0.17672   0.00319
 -2.30   0.15610   0.00282
 -2.25   0.13761   0.00249
 -2.20   0.12110   0.00219
 -2.15   0.10642   0.00193
 -2.10   0.09342   0.00169
 -2.05   0.08194   0.00149
 -2.00   0.07183   0.00131
 -1.95   0.06296   0.00115
 -1.90   0.05518   0.00101
 -1.85   0.04838   0.00089
 -1.80   0.04244   0.00078
 -1.75   0.03725   0.00069
 -1.70   0.03274   0.00060
 -1.65   0.02880   0.00053
 -1.60   0.02537   0.00047
 -1.55   0.02239   0.00042
 -1.50   0.01979   0.00037
 -1.45   0.01752   0.00033
 -1.40   0.01555   0.00030
 -1.35   0.01383   0.00027
 -1.30   0.01232   0.00024
 -1.25   0.01101   0.00022
 -1.20   0.00986   0.00020
 -1.15   0.00885   0.00018
 -1.10   0.00797   0.00016
 -1.05   0.00719   0.00015
 -1.00   0.00651   0.00014
 -0.95   0.00590   0.00013
 -0.90   0.00537   0.00012
 -0.85   0.00490   0.00011
 -0.80   0.00448   0.00010
 -0.75   0.00411   0.00010
 -0.70   0.00378   0.00009
 -0.65   0.00348   0.00009
 -0.60   0.00322   0.00008
 -0.55   0.00298   0.00008
 -0.50   0.00277   0.00008
 -0.45   0.00258   0.00008
 -0.40   0.00241   0.00008
 -0.35   0.00225   0.00007
 -0.30   0.00211   0.00007
 -0.25   0.00199   0.00007
 -0.20   0.00187   0.00007
 -0.15   0.00177   0.00007
 -0.10   0.00167   0.00008
 -0.05   0.00158   0.00008
  0.00   0.00150   0.00008
  0.05   0.00143   0.00008
  0.10   0.00136   0.00009
  0.15   0.00130   0.00009
  0.20   0.00125   0.00009
  0.25   0.00120   0.00010
  0.30   0.00115   0.00011
  0.35   0.00110   0.00011
  0.40   0.00106   0.00012
  0.45   0.00103   0.00013
  0.50   0.00099   0.00014
  0.55   0.00096   0.00016
  0.60   0.00093   0.00017
  0.65   0.00090   0.00019
  0.70   0.00088   0.00022
  0.75   0.00086   0.00024
  0.80   0.00083   0.00027
  0.85   0.00081   0.00031
  0.90   0.00080   0.00035
  0.95   0.00078   0.00040
  1.00   0.00077   0.00046
  1.05   0.00075   0.00053
  1.10   0.00074   0.00061
  1.15   0.00073   0.00071
  1.20   0.00072   0.00083
  1.25   0.00071   0.00097
  1.30   0.00071   0.00114
  1.35   0.00071   0.00135
  1.40   0.00070   0.00159
  1.45   0.00070   0.00189
  1.50   0.00070   0.00226
  1.55   0.00071   0.00269
  1.60   0.00072   0.00323
  1.65   0.00073   0.00387
  1.70   0.00074   0.00465
  1.75   0.00076   0.00560
  1.80   0.00078   0.00675
  1.85   0.00081   0.00815
  1.90   0.00085   0.00985
  1.95   0.00089   0.01191
  2.00   0.00094   0.01440
  2.05   0.00101   0.01741
  2.10   0.00108   0.02104
  2.15   0.00118   0.02542
  2.20   0.00129   0.03068
  2.25   0.00142   0.03698
  2.30   0.00158   0.04451
  2.35   0.00176   0.05346
  2.40   0.00198   0.06407
  2.45   0.00224   0.07659
  2.50   0.00254   0.09127
  2.55   0.00289   0.10840
  2.60   0.00329   0.12826
  2.65   0.00376   0.15113
  2.70   0.00428   0.17728
  2.75   0.00487   0.20692
  2.80   0.00553   0.24024
  2.85   0.00627   0.27732
  2.90   0.00707   0.31815
  2.95   0.00795   0.36258
  3.00   0.00888   0.41031
  3.05   0.00986   0.46086
  3.10   0.01088   0.51353
  3.15   0.01192   0.56743
  3.20   0.01295   0.62144
  3.25   0.01396   0.67425
  3.30   0.01490   0.72438
  3.35   0.01576   0.77024
  3.40   0.01650   0.81017
  3.45   0.01708   0.84256
  3.50   0.01748   0.86592
  3.55   0.01769   0.87899
  3.60   0.01767   0.88081
  3.65   0.01742   0.87085
  3.70   0.01694   0.84905
  3.75   0.01624   0.81585
  3.80   0.01534   0.77220
  3.85   0.01427   0.71953
  3.90   0.01306   0.65966
  3.95   0.01176   0.59468
  4.00   0.01040   0.52685
  4.05   0.00904   0.45844
  4.10   0.00771   0.39155
  4.15   0.00646   0.32806
  4.20   0.00530   0.26947
  4.25   0.00426   0.21685
  4.30   0.00335   0.17087
  4.35   0.00258   0.13175
  4.40   0.00195   0.09933
  4.45   0.00143   0.07318
  4.50   0.00103   0.05266
  4.55   0.00072   0.03698
  4.60   0.00049   0.02532
  4.65   0.00033   0.01690
  4.70   0.00021   0.01098
  4.75   0.00013   0.00695
  4.80   0.00008   0.00428
  4.85   0.00005   0.00256
  4.90   0.00003   0.00148
  4.95   0.00002   0.00084
  5.00   0.00001   0.00046
  5.05   0.00000   0.00024
  5.10   0.00000   0.00012
  5.15   0.00000   0.00006
  5.20   0.00000   0.00003
  5.25   0.00000   0.00001
  5.30   0.00000   0.00001
  5.35   0.00000   0.00000
  5.40   0.00000   0.00000
  5.45   0.00000   0.00000
  5.50   0.00000   0.00000
  5.55   0.00000   0.00000
  5.60   0.00000   0.00000
  5.65   0.00000   0.00000
  5.70   0.00000   0.00000
  5.75   0.00000   0.00000
  5.80   0.00000   0.00000
  5.85   0.00000   0.00000
  5.90   0.00000   0.00000
  5.95   0.00000   0.00000
  6.00   0.00000   0.00000
  6.05   0.00000   0.00000
  6.10   0.00000   0.00000
  6.15   0.00000   0.00000
  6.20   0.00000   0.00000
  6.25   0.00000   0.00000
  6.30   0.00000   0.00000
  6.35   0.00000   0.00000
  6.40   0.00000   0.00000
  6.45   0.00000   0.00000
  6.50   0.00000   0.00000
  6.55   0.00000   0.00000
  6.60   0.00000   0.00000
  6.65   0.00000   0.00000
  6.70   0.00000   0.00000
  6.75   0.00000   0.00000
  6.80   0.00000   0.00000
  6.85   0.00000   0.00000
  6.90   0.00000   0.00000
  6.95   0.00000   0.00000
  7.00   0.00000   0.00000
  7.05   0.00000   0.00000
  7.10   0.00000   0.00000
  7.15   0.00000   0.00000
  7.20   0.00000   0.00000
  7.25   0.00000   0.00000
  7.30   0.00000   0.00000
  7.35   0.00000   0.00000
  7.40   0.00000   0.00000
  7.45   0.00000   0.00000
  7.50   0.00000   0.00000
  7.55   0.00000   0.00000
  7.60   0.00000   0.00000
  7.65   0.00000   0.00000
  7.70   0.00000   0.00000
  7.75   0.00000   0.00000
  7.80   0.00000   0.00000
  7.85   0.00000   0.00000
  7.90   0.00000   0.00000
  7.95   0.00000   0.00000
  8.00   0.00000   0.00000
  8.05   0.00000   0.00000
  8.10   0.00000   0.00000
  8.15   0.00000   0.00000
  8.20   0.00000   0.00000
  8.25   0.00000   0.00000
  8.30   0.00000   0.00000
  8.35   0.00000   0.00000
  8.40   0.00000   0.00000
  8.45   0.00000   0.00000
  8.50   0.00000   0.00000
  8.55   0.00000   0.00000
  8.60   0.00000   0.00000
  8.65   0.00000   0.00000
  8.70   0.00000   0.00000
  8.75   0.00000   0.00000
  8.80   0.00000   0.00000
  8.85   0.00000   0.00000
  8.90   0.00000   0.00000
  8.95   0.00000   0.00000
  9.00   0.00000   0.00000
  9.05   0.00000   0.00000
  9.10   0.00000   0.00000
  9.15   0.00000   0.00000
  9.20   0.00000   0.00000
  9.25   0.00000   0.00000
  9.30   0.00000   0.00000
  9.35   0.00000   0.00000
  9.40   0.00000   0.00000
  9.45   0.00000   0.00000
  9.50   0.00000   0.00000
  9.55   0.00000   0.00000
  9.60   0.00000   0.00000
  9.65   0.00000   0.00000
  9.70   0.00000   0.00000
  9.75   0.00000   0.00000
  9.80   0.00000   0.00000
  9.85   0.00000   0.00000
  9.90   0.00000   0.00000
  9.95   0.00000   0.00000
