-10.00   0.00000   0.00000
 -9.95   0.00000   0.00000
 -9.90   0.00000   0.00000
 -9.85   0.00000   0.00000
 -9.80   0.00000   0.00000
 -9.75   0.00000   0.00000
 -9.70   0.00000   0.00000
 -9.65   0.00000   0.00000
 -9.60   0.00000   0.00000
 -9.55   0.00000   0.00000
 -9.50   0.00000   0.00000
 -9.45   0.00000   0.00000
 -9.40   0.00000   0.00000
 -9.35   0.00000   0.00000
 -9.30   0.00000   0.00000
 -9.25   0.00000   0.00000
 -9.20   0.00000   0.00000
 -9.15   0.00000   0.00000
 -9.10   0.00000   0.00000
 -9.05   0.00000   0.00000
 -9.00   0.00000   0.00000
 -8.95   0.00000   0.00000
 -8.90   0.00000   0.00000
 -8.85   0.00000   0.00000
 -8.80   0.00000   0.00000
 -8.75   0.00000   0.00000
 -8.70   0.00000   0.00000
 -8.65   0.00000   0.00000
 -8.60   0.00000   0.00000
 -8.55   0.00000   0.00000
 -8.50   0.00000   0.00000
 -8.45   0.00000   0.00000
 -8.40   0.00000   0.00000
 -8.35   0.00000   0.00000
 -8.30   0.00000   0.00000
 -8.25   0.00000   0.00000
 -8.20   0.00000   0.00000
 -8.15   0.00000   0.00000
 -8.10   0.00000   0.00000
 -8.05   0.00000   0.00000
 -8.00   0.00000   0.00000
 -7.95   0.00000   0.00000
 -7.90   0.00000   0.00000
 -7.85   0.00000   0.00000
 -7.80   0.00000   0.00000
 -7.75   0.00000   0.00000
 -7.70   0.00000   0.00000
 -7.65   0.00000   0.00000
 -7.60   0.00000   0.00000
 -7.55   0.00000   0.00000
 -7.50   0.00000   0.00000
 -7.45   0.00000   0.00000
 -7.40   0.00000   0.00000
 -7.35   0.00000   0.00000
 -7.30   0.00000   0.00000
 -7.25   0.00000   0.00000
 -7.20   0.00000   0.00000
 -7.15   0.00000   0.00000
 -7.10   0.00000   0.00000
 -7.05   0.00000   0.00000
 -7.00   0.00000   0.00000
 -6.95   0.00000   0.00000
 -6.90   0.00000   0.00000
 -6.85   0.00000   0.00000
 -6.80   0.00000   0.00000
 -6.75   0.00000   0.00000
 -6.70   0.00000   0.00000
 -6.65   0.00000   0.00000
 -6.60   0.00000   0.00000
 -6.55   0.00000   0.00000
 -6.50   0.00000   0.00000
 -6.45   0.00000   0.00000
 -6.40   0.00000   0.00000
 -6.35   0.00000   0.00000
 -6.30   0.00000   0.00000
 -6.25   0.00000   0.00000
 -6.20   0.00000   0.00000
 -6.15   0.00000   0.00000
 -6.10   0.00000   0.00000
 -6.05   0.00000   0.00000
 -6.00   0.00000   0.00000
 -5.95   0.00000   0.00000
 -5.90   0.00000   0.00000
 -5.85   0.00000   0.00000
 -5.80   0.00000   0.00000
 -5.75   0.00000   0.00000
 -5.70   0.00000   0.00000
 -5.65   0.00000   0.00000
 -5.60   0.00000   0.00000
 -5.55   0.00000   0.00000
 -5.50   0.00000   0.00000
 -5.45   0.00000   0.00000
 -5.40   0.00000   0.00000
 -5.35   0.00000   0.00000
 -5.30   0.00000   0.00000
 -5.25   0.00000   0.00000
 -5.20   0.00000   0.00000
 -5.15   0.00001   0.00000
 -5.10   0.00001   0.00000
 -5.05   0.00003   0.00000
 -5.00   0.00006   0.00000
 -4.95   0.00011   0.00000
 -4.90   0.00021   0.00000
 -4.85   0.00040   0.00001
 -4.80   0.00071   0.00001
 -4.75   0.00124   0.00002
 -4.70   0.00211   0.00004
 -4.65   0.00347   0.00006
 -4.60   0.00554   0.00010
 -4.55   0.00863   0.00016
 -4.50   0.01310   0.00024
 -4.45   0.01938   0.00035
 -4.40   0.02799   0.00051
 -4.35   0.03948   0.00071
 -4.30   0.05442   0.00098
 -4.25   0.07339   0.00132
 -4.20   0.09687   0.00174
 -4.15   0.12524   0.00226
 -4.10   0.15872   0.00286
 -4.05   0.19729   0.00355
 -4.00   0.24070   0.00434
 -3.95   0.28841   0.00520
 -3.90   0.33960   0.00612
 -3.85   0.39320   0.00709
 -3.80   0.44794   0.00808
 -3.75   0.50237   0.00906
 -3.70   0.55499   0.01002
 -3.65   0.60430   0.01091
 -3.60   0.64887   0.01171
 -3.55   0.68744   0.01241
 -3.50   0.71900   0.01299
 -3.45   0.74279   0.01342
 -3.40   0.75834   0.01370
 -3.35   0.76551   0.01383
 -3.30   0.76444   0.01381
 -3.25   0.75553   0.01365
 -3.20   0.73942   0.01336
 -3.15   0.71692   0.01295
 -3.10   0.68895   0.01244
 -3.05   0.65653   0.01186
 -3.00   0.62067   0.01121
 -2.95   0.58238   0.01052
 -2.90   0.54260   0.00980
 -2.85   0.50218   0.00907
 -2.80   0.46190   0.00834
 -2.75   0.42240   0.00763
 -2.70   0.38420   0.00694
 -2.65   0.34771   0.00628
 -2.60   0.31325   0.00566
 -2.55   0.28102   0.00508
 -2.50   0.25115   0.00454
 -2.45   0.22368   0.00405
 -2.40   0.19860   0.00360
 -2.35   0.17585   0.00319
 -2.30   0.15533   0.00282
 -2.25   0.13693   0.00249
 -2.20   0.12050   0.00219
 -2.15   0.10589   0.00193
 -2.10   0.09295   0.00169
 -2.05   0.08153   0.00149
 -2.00   0.07148   0.00131
 -1.95   0.06264   0.00115
 -1.90   0.05491   0.00101
 -1.85   0.04814   0.00089
 -1.80   0.04223   0.00078
 -1.75   0.03707   0.00069
 -1.70   0.03258   0.00060
 -1.65   0.02866   0.00053
 -1.60   0.02525   0.00047
 -1.55   0.02228   0.00042
 -1.50   0.01969   0.00037
 -1.45   0.01744   0.00033
 -1.40   0.01547   0.00030
 -1.35   0.01376   0.00027
 -1.30   0.01226   0.00024
 -1.25   0.01096   0.00022
 -1.20   0.00981   0.00020
 -1.15   0.00881   0.00018
 -1.10   0.00793   0.00016
 -1.05   0.00715   0.00015
 -1.00   0.00647   0.00014
 -0.95   0.00587   0.00013
 -0.90   0.00534   0.00012
 -0.85   0.00487   0.00011
 -0.80   0.00446   0.00010
 -0.75   0.00409   0.00010
 -0.70   0.00376   0.00009
 -0.65   0.00346   0.00009
 -0.60   0.00320   0.00008
 -0.55   0.00297   0.00008
 -0.50   0.00276   0.00008
 -0.45   0.00257   0.00008
 -0.40   0.00240   0.00008
 -0.35   0.00224   0.00007
 -0.30   0.00210   0.00007
 -0.25   0.00198   0.00007
 -0.20   0.00186   0.00007
 -0.15   0.00176   0.00007
 -0.10   0.00166   0.00008
 -0.05   0.00158   0.00008
  0.00   0.00150   0.00008
  0.05   0.00142   0.00008
  0.10   0.00136   0.00009
  0.15   0.00130   0.00009
  0.20   0.00124   0.00009
  0.25   0.00119   0.00010
  0.30   0.00114   0.00011
  0.35   0.00110   0.00011
  0.40   0.00106   0.00012
  0.45   0.00102   0.00013
  0.50   0.00099   0.00014
  0.55   0.00096   0.00016
  0.60   0.00093   0.00017
  0.65   0.00090   0.00019
  0.70   0.00087   0.00022
  0.75   0.00085   0.00024
  0.80   0.00083   0.00027
  0.85   0.00081   0.00031
  0.90   0.00079   0.00035
  0.95   0.00078   0.00040
  1.00   0.00076   0.00046
  1.05   0.00075   0.00053
  1.10   0.00074   0.00061
  1.15   0.00073   0.00071
  1.20   0.00072   0.00083
  1.25   0.00072   0.00097
  1.30   0.00071   0.00114
  1.35   0.00071   0.00135
  1.40   0.00071   0.00159
  1.45   0.00071   0.00189
  1.50   0.00071   0.00226
  1.55   0.00072   0.00269
  1.60   0.00073   0.00323
  1.65   0.00074   0.00387
  1.70   0.00076   0.00465
  1.75   0.00078   0.00560
  1.80   0.00081   0.00675
  1.85   0.00085   0.00815
  1.90   0.00089   0.00985
  1.95   0.00094   0.01191
  2.00   0.00101   0.01440
  2.05   0.00109   0.01741
  2.10   0.00118   0.02104
  2.15   0.00130   0.02542
  2.20   0.00143   0.03068
  2.25   0.00160   0.03698
  2.30   0.00179   0.04451
  2.35   0.00202   0.05346
  2.40   0.00230   0.06407
  2.45   0.00262   0.07659
  2.50   0.00299   0.09127
  2.55   0.00342   0.10840
  2.60   0.00392   0.12826
  2.65   0.00450   0.15113
  2.70   0.00515   0.17728
  2.75   0.00589   0.20692
  2.80   0.00672   0.24024
  2.85   0.00763   0.27732
  2.90   0.00864   0.31815
  2.95   0.00973   0.36258
  3.00   0.01090   0.41031
  3.05   0.01213   0.46086
  3.10   0.01341   0.51353
  3.15   0.01471   0.56743
  3.20   0.01601   0.62144
  3.25   0.01728   0.67425
  3.30   0.01847   0.72438
  3.35   0.01955   0.77024
  3.40   0.02049   0.81017
  3.45   0.02123   0.84256
  3.50   0.02175   0.86592
  3.55   0.02201   0.87899
  3.60   0.02200   0.88081
  3.65   0.02171   0.87085
  3.70   0.02112   0.84905
  3.75   0.02026   0.81585
  3.80   0.01914   0.77220
  3.85   0.01781   0.71953
  3.90   0.01631   0.65966
  3.95   0.01469   0.59468
  4.00   0.01300   0.52685
  4.05   0.01130   0.45844
  4.10   0.00965   0.39155
  4.15   0.00808   0.32806
  4.20   0.00663   0.26947
  4.25   0.00533   0.21685
  4.30   0.00420   0.17087
  4.35   0.00323   0.13175
  4.40   0.00244   0.09933
  4.45   0.00179   0.07318
  4.50   0.00129   0.05266
  4.55   0.00090   0.03698
  4.60   0.00062   0.02532
  4.65   0.00041   0.01690
  4.70   0.00027   0.01098
  4.75   0.00017   0.00695
  4.80   0.00010   0.00428
  4.85   0.00006   0.00256
  4.90   0.00003   0.00148
  4.95   0.00002   0.00084
  5.00   0.00001   0.00046
  5.05   0.00001   0.00024
  5.10   0.00000   0.00012
  5.15   0.00000   0.00006
  5.20   0.00000   0.00003
  5.25   0.00000   0.00001
  5.30   0.00000   0.00001
  5.35   0.00000   0.00000
  5.40   0.00000   0.00000
  5.45   0.00000   0.00000
  5.50   0.00000   0.00000
  5.55   0.00000   0.00000
  5.60   0.00000   0.00000
  5.65   0.00000   0.00000
  5.70   0.00000   0.00000
  5.75   0.00000   0.00000
  5.80   0.00000   0.00000
  5.85   0.00000   0.00000
  5.90   0.00000   0.00000
  5.95   0.00000   0.00000
  6.00   0.00000   0.00000
  6.05   0.00000   0.00000
  6.10   0.00000   0.00000
  6.15   0.00000   0.00000
  6.20   0.00000   0.00000
  6.25   0.00000   0.00000
  6.30   0.00000   0.00000
  6.35   0.00000   0.00000
  6.40   0.00000   0.00000
  6.45   0.00000   0.00000
  6.50   0.00000   0.00000
  6.55   0.00000   0.00000
  6.60   0.00000   0.00000
  6.65   0.00000   0.00000
  6.70   0.00000   0.00000
  6.75   0.00000   0.00000
  6.80   0.00000   0.00000
  6.85   0.00000   0.00000
  6.90   0.00000   0.00000
  6.95   0.00000   0.00000
  7.00   0.00000   0.00000
  7.05   0.00000   0.00000
  7.10   0.00000   0.00000
  7.15   0.00000   0.00000
  7.20   0.00000   0.00000
  7.25   0.00000   0.00000
  7.30   0.00000   0.00000
  7.35   0.00000   0.00000
  7.40   0.00000   0.00000
  7.45   0.00000   0.00000
  7.50   0.00000   0.00000
  7.55   0.00000   0.00000
  7.60   0.00000   0.00000
  7.65   0.00000   0.00000
  7.70   0.00000   0.00000
  7.75   0.00000   0.00000
  7.80   0.00000   0.00000
  7.85   0.00000   0.00000
  7.90   0.00000   0.00000
  7.95   0.00000   0.00000
  8.00   0.00000   0.00000
  8.05   0.00000   0.00000
  8.10   0.00000   0.00000
  8.15   0.00000   0.00000
  8.20   0.00000   0.00000
  8.25   0.00000   0.00000
  8.30   0.00000   0.00000
  8.35   0.00000   0.00000
  8.40   0.00000   0.00000
  8.45   0.00000   0.00000
  8.50   0.00000   0.00000
  8.55   0.00000   0.00000
  8.60   0.00000   0.00000
  8.65   0.00000   0.00000
  8.70   0.00000   0.00000
  8.75   0.00000   0.00000
  8.80   0.00000   0.00000
  8.85   0.00000   0.00000
  8.90   0.00000   0.00000
  8.95   0.00000   0.00000
  9.00   0.00000   0.00000
  9.05   0.00000   0.00000
  9.10   0.00000   0.00000
  9.15   0.00000   0.00000
  9.20   0.00000   0.00000
  9.25   0.00000   0.00000
  9.30   0.00000   0.00000
  9.35   0.00000   0.00000
  9.40   0.00000   0.00000
  9.45   0.00000   0.00000
  9.50   0.00000   0.00000
  9.55   0.00000   0.00000
  9.60   0.00000   0.00000
  9.65   0.00000   0.00000
  9.70   0.00000   0.00000
  9.75   0.00000   0.00000
  9.80   0.00000   0.00000
  9.85   0.00000   0.00000
  9.90   0.00000   0.00000
  9.95   0.00000   0.00000
