-10.00   0.00000   0.00000
 -9.95   0.00000   0.00000
 -9.90   0.00000   0.00000
 -9.85   0.00000   0.00000
 -9.80   0.00000   0.00000
 -9.75   0.00000   0.00000
 -9.70   0.00000   0.00000
 -9.65   0.00000   0.00000
 -9.60   0.00000   0.00000
 -9.55   0.00000   0.00000
 -9.50   0.00000   0.00000
 -9.45   0.00000   0.00000
 -9.40   0.00000   0.00000
 -9.35   0.00000   0.00000
 -9.30   0.00000   0.00000
 -9.25   0.00000   0.00000
 -9.20   0.00000   0.00000
 -9.15   0.00000   0.00000
 -9.10   0.00000   0.00000
 -9.05   0.00000   0.00000
 -9.00   0.00000   0.00000
 -8.95   0.00000   0.00000
 -8.90   0.00000   0.00000
 -8.85   0.00000   0.00000
 -8.80   0.00000   0.00000
 -8.75   0.00000   0.00000
 -8.70   0.00000   0.00000
 -8.65   0.00000   0.00000
 -8.60   0.00000   0.00000
 -8.55   0.00000   0.00000
 -8.50   0.00000   0.00000
 -8.45   0.00000   0.00000
 -8.40   0.00000   0.00000
 -8.35   0.00000   0.00000
 -8.30   0.00000   0.00000
 -8.25   0.00000   0.00000
 -8.20   0.00000   0.00000
 -8.15   0.00000   0.00000
 -8.10   0.00000   0.00000
 -8.05   0.00000   0.00000
 -8.00   0.00000   0.00000
 -7.95   0.00000   0.00000
 -7.90   0.00000   0.00000
 -7.85   0.00000   0.00000
 -7.80   0.00000   0.00000
 -7.75   0.00000   0.00000
 -7.70   0.00000   0.00000
 -7.65   0.00000   0.00000
 -7.60   0.00000   0.00000
 -7.55   0.00000   0.00000
 -7.50   0.00000   0.00000
 -7.45   0.00000   0.00000
 -7.40   0.00000   0.00000
 -7.35   0.00000   0.00000
 -7.30   0.00000   0.00000
 -7.25   0.00000   0.00000
 -7.20   0.00000   0.00000
 -7.15   0.00000   0.00000
 -7.10   0.00000   0.00000
 -7.05   0.00000   0.00000
 -7.00   0.00000   0.00000
 -6.95   0.00000   0.00000
 -6.90   0.00000   0.00000
 -6.85   0.00000   0.00000
 -6.80   0.00000   0.00000
 -6.75   0.00000   0.00000
 -6.70   0.00000   0.00000
 -6.65   0.00000   0.00000
 -6.60   0.00000   0.00000
 -6.55   0.00000   0.00000
 -6.50   0.00000   0.00000
 -6.45   0.00000   0.00000
 -6.40   0.00000   0.00000
 -6.35   0.00000   0.00000
 -6.30   0.00000   0.00000
 -6.25   0.00000   0.00000
 -6.20   0.00000   0.00000
 -6.15   0.00000   0.00000
 -6.10   0.00000   0.00000
 -6.05   0.00000   0.00000
 -6.00   0.00000   0.00000
 -5.95   0.00000   0.00000
 -5.90   0.00000   0.00000
 -5.85   0.00000   0.00000
 -5.80   0.00000   0.00000
 -5.75   0.00000   0.00000
 -5.70   0.00000   0.00000
 -5.65   0.00000   0.00000
 -5.60   0.00000   0.00000
 -5.55   0.00000   0.00000
 -5.50   0.00000   0.00000
 -5.45   0.00000   0.00000
 -5.40   0.00000   0.00000
 -5.35   0.00000   0.00000
 -5.30   0.00000   0.00000
 -5.25   0.00000   0.00000
 -5.20   0.00000   0.00000
 -5.15   0.00001   0.00000
 -5.10   0.00001   0.00000
 -5.05   0.00003   0.00000
 -5.00   0.00006   0.00000
 -4.95   0.00011   0.00000
 -4.90   0.00021   0.00000
 -4.85   0.00040   0.00001
 -4.80   0.00071   0.00001
 -4.75   0.00124   0.00002
 -4.70   0.00210   0.00004
 -4.65   0.00345   0.00006
 -4.60   0.00553   0.00010
 -4.55   0.00861   0.00016
 -4.50   0.01306   0.00024
 -4.45   0.01932   0.00035
 -4.40   0.02791   0.00051
 -4.35   0.03936   0.00071
 -4.30   0.05426   0.00098
 -4.25   0.07317   0.00132
 -4.20   0.09658   0.00174
 -4.15   0.12487   0.00226
 -4.10   0.15825   0.00286
 -4.05   0.19671   0.00355
 -4.00   0.23999   0.00434
 -3.95   0.28756   0.00520
 -3.90   0.33859   0.00612
 -3.85   0.39204   0.00709
 -3.80   0.44661   0.00808
 -3.75   0.50088   0.00906
 -3.70   0.55335   0.01002
 -3.65   0.60250   0.01091
 -3.60   0.64694   0.01171
 -3.55   0.68541   0.01241
 -3.50   0.71687   0.01299
 -3.45   0.74059   0.01342
 -3.40   0.75609   0.01370
 -3.35   0.76324   0.01383
 -3.30   0.76217   0.01381
 -3.25   0.75329   0.01365
 -3.20   0.73723   0.01336
 -3.15   0.71479   0.01295
 -3.10   0.68691   0.01244
 -3.05   0.65458   0.01186
 -3.00   0.61883   0.01121
 -2.95   0.58065   0.01052
 -2.90   0.54099   0.00980
 -2.85   0.50069   0.00907
 -2.80   0.46053   0.00834
 -2.75   0.42114   0.00763
 -2.70   0.38306   0.00694
 -2.65   0.34668   0.00628
 -2.60   0.31232   0.00566
 -2.55   0.28019   0.00508
 -2.50   0.25041   0.00454
 -2.45   0.22302   0.00405
 -2.40   0.19801   0.00360
 -2.35   0.17533   0.00319
 -2.30   0.15487   0.00282
 -2.25   0.13653   0.00249
 -2.20   0.12014   0.00219
 -2.15   0.10558   0.00193
 -2.10   0.09268   0.00169
 -2.05   0.08129   0.00149
 -2.00   0.07126   0.00131
 -1.95   0.06246   0.00115
 -1.90   0.05474   0.00101
 -1.85   0.04800   0.00089
 -1.80   0.04210   0.00078
 -1.75   0.03696   0.00069
 -1.70   0.03248   0.00060
 -1.65   0.02857   0.00053
 -1.60   0.02517   0.00047
 -1.55   0.02221   0.00042
 -1.50   0.01963   0.00037
 -1.45   0.01739   0.00033
 -1.40   0.01543   0.00030
 -1.35   0.01372   0.00027
 -1.30   0.01223   0.00024
 -1.25   0.01092   0.00022
 -1.20   0.00978   0.00020
 -1.15   0.00878   0.00018
 -1.10   0.00790   0.00016
 -1.05   0.00713   0.00015
 -1.00   0.00645   0.00014
 -0.95   0.00586   0.00013
 -0.90   0.00533   0.00012
 -0.85   0.00486   0.00011
 -0.80   0.00444   0.00010
 -0.75   0.00407   0.00010
 -0.70   0.00375   0.00009
 -0.65   0.00345   0.00009
 -0.60   0.00319   0.00008
 -0.55   0.00296   0.00008
 -0.50   0.00275   0.00008
 -0.45   0.00256   0.00008
 -0.40   0.00239   0.00008
 -0.35   0.00223   0.00007
 -0.30   0.00210   0.00007
 -0.25   0.00197   0.00007
 -0.20   0.00186   0.00007
 -0.15   0.00175   0.00007
 -0.10   0.00166   0.00008
 -0.05   0.00157   0.00008
  0.00   0.00149   0.00008
  0.05   0.00142   0.00008
  0.10   0.00135   0.00009
  0.15   0.00129   0.00009
  0.20   0.00124   0.00009
  0.25   0.00119   0.00010
  0.30   0.00114   0.00011
  0.35   0.00110   0.00011
  0.40   0.00106   0.00012
  0.45   0.00102   0.00013
  0.50   0.00098   0.00014
  0.55   0.00095   0.00016
  0.60   0.00092   0.00017
  0.65   0.00090   0.00019
  0.70   0.00087   0.00022
  0.75   0.00085   0.00024
  0.80   0.00083   0.00027
  0.85   0.00081   0.00031
  0.90   0.00079   0.00035
  0.95   0.00078   0.00040
  1.00   0.00076   0.00046
  1.05   0.00075   0.00053
  1.10   0.00074   0.00061
  1.15   0.00073   0.00071
  1.20   0.00072   0.00083
  1.25   0.00072   0.00097
  1.30   0.00071   0.00114
  1.35   0.00071   0.00135
  1.40   0.00071   0.00159
  1.45   0.00071   0.00189
  1.50   0.00072   0.00226
  1.55   0.00072   0.00269
  1.60   0.00074   0.00323
  1.65   0.00075   0.00387
  1.70   0.00077   0.00465
  1.75   0.00080   0.00560
  1.80   0.00083   0.00675
  1.85   0.00087   0.00815
  1.90   0.00092   0.00985
  1.95   0.00098   0.01191
  2.00   0.00105   0.01440
  2.05   0.00114   0.01741
  2.10   0.00124   0.02104
  2.15   0.00137   0.02542
  2.20   0.00152   0.03068
  2.25   0.00171   0.03698
  2.30   0.00192   0.04451
  2.35   0.00218   0.05346
  2.40   0.00248   0.06407
  2.45   0.00284   0.07659
  2.50   0.00326   0.09127
  2.55   0.00374   0.10840
  2.60   0.00430   0.12826
  2.65   0.00494   0.15113
  2.70   0.00567   0.17728
  2.75   0.00650   0.20692
  2.80   0.00742   0.24024
  2.85   0.00845   0.27732
  2.90   0.00958   0.31815
  2.95   0.01080   0.36258
  3.00   0.01211   0.41031
  3.05   0.01349   0.46086
  3.10   0.01492   0.51353
  3.15   0.01638   0.56743
  3.20   0.01784   0.62144
  3.25   0.01926   0.67425
  3.30   0.02060   0.72438
  3.35   0.02182   0.77024
  3.40   0.02287   0.81017
  3.45   0.02371   0.84256
  3.50   0.02430   0.86592
  3.55   0.02460   0.87899
  3.60   0.02460   0.88081
  3.65   0.02427   0.87085
  3.70   0.02362   0.84905
  3.75   0.02266   0.81585
  3.80   0.02142   0.77220
  3.85   0.01993   0.71953
  3.90   0.01825   0.65966
  3.95   0.01644   0.59468
  4.00   0.01455   0.52685
  4.05   0.01266   0.45844
  4.10   0.01080   0.39155
  4.15   0.00905   0.32806
  4.20   0.00743   0.26947
  4.25   0.00597   0.21685
  4.30   0.00470   0.17087
  4.35   0.00362   0.13175
  4.40   0.00273   0.09933
  4.45   0.00201   0.07318
  4.50   0.00144   0.05266
  4.55   0.00101   0.03698
  4.60   0.00069   0.02532
  4.65   0.00046   0.01690
  4.70   0.00030   0.01098
  4.75   0.00019   0.00695
  4.80   0.00011   0.00428
  4.85   0.00007   0.00256
  4.90   0.00004   0.00148
  4.95   0.00002   0.00084
  5.00   0.00001   0.00046
  5.05   0.00001   0.00024
  5.10   0.00000   0.00012
  5.15   0.00000   0.00006
  5.20   0.00000   0.00003
  5.25   0.00000   0.00001
  5.30   0.00000   0.00001
  5.35   0.00000   0.00000
  5.40   0.00000   0.00000
  5.45   0.00000   0.00000
  5.50   0.00000   0.00000
  5.55   0.00000   0.00000
  5.60   0.00000   0.00000
  5.65   0.00000   0.00000
  5.70   0.00000   0.00000
  5.75   0.00000   0.00000
  5.80   0.00000   0.00000
  5.85   0.00000   0.00000
  5.90   0.00000   0.00000
  5.95   0.00000   0.00000
  6.00   0.00000   0.00000
  6.05   0.00000   0.00000
  6.10   0.00000   0.00000
  6.15   0.00000   0.00000
  6.20   0.00000   0.00000
  6.25   0.00000   0.00000
  6.30   0.00000   0.00000
  6.35   0.00000   0.00000
  6.40   0.00000   0.00000
  6.45   0.00000   0.00000
  6.50   0.00000   0.00000
  6.55   0.00000   0.00000
  6.60   0.00000   0.00000
  6.65   0.00000   0.00000
  6.70   0.00000   0.00000
  6.75   0.00000   0.00000
  6.80   0.00000   0.00000
  6.85   0.00000   0.00000
  6.90   0.00000   0.00000
  6.95   0.00000   0.00000
  7.00   0.00000   0.00000
  7.05   0.00000   0.00000
  7.10   0.00000   0.00000
  7.15   0.00000   0.00000
  7.20   0.00000   0.00000
  7.25   0.00000   0.00000
  7.30   0.00000   0.00000
  7.35   0.00000   0.00000
  7.40   0.00000   0.00000
  7.45   0.00000   0.00000
  7.50   0.00000   0.00000
  7.55   0.00000   0.00000
  7.60   0.00000   0.00000
  7.65   0.00000   0.00000
  7.70   0.00000   0.00000
  7.75   0.00000   0.00000
  7.80   0.00000   0.00000
  7.85   0.00000   0.00000
  7.90   0.00000   0.00000
  7.95   0.00000   0.00000
  8.00   0.00000   0.00000
  8.05   0.00000   0.00000
  8.10   0.00000   0.00000
  8.15   0.00000   0.00000
  8.20   0.00000   0.00000
  8.25   0.00000   0.00000
  8.30   0.00000   0.00000
  8.35   0.00000   0.00000
  8.40   0.00000   0.00000
  8.45   0.00000   0.00000
  8.50   0.00000   0.00000
  8.55   0.00000   0.00000
  8.60   0.00000   0.00000
  8.65   0.00000   0.00000
  8.70   0.00000   0.00000
  8.75   0.00000   0.00000
  8.80   0.00000   0.00000
  8.85   0.00000   0.00000
  8.90   0.00000   0.00000
  8.95   0.00000   0.00000
  9.00   0.00000   0.00000
  9.05   0.00000   0.00000
  9.10   0.00000   0.00000
  9.15   0.00000   0.00000
  9.20   0.00000   0.00000
  9.25   0.00000   0.00000
  9.30   0.00000   0.00000
  9.35   0.00000   0.00000
  9.40   0.00000   0.00000
  9.45   0.00000   0.00000
  9.50   0.00000   0.00000
  9.55   0.00000   0.00000
  9.60   0.00000   0.00000
  9.65   0.00000   0.00000
  9.70   0.00000   0.00000
  9.75   0.00000   0.00000
  9.80   0.00000   0.00000
  9.85   0.00000   0.00000
  9.90   0.00000   0.00000
  9.95   0.00000   0.00000
