-10.00   0.00000   0.00000
 -9.95   0.00000   0.00000
 -9.90   0.00000   0.00000
 -9.85   0.00000   0.00000
 -9.80   0.00000   0.00000
 -9.75   0.00000   0.00000
 -9.70   0.00000   0.00000
 -9.65   0.00000   0.00000
 -9.60   0.00000   0.00000
 -9.55   0.00000   0.00000
 -9.50   0.00000   0.00000
 -9.45   0.00000   0.00000
 -9.40   0.00000   0.00000
 -9.35   0.00000   0.00000
 -9.30   0.00000   0.00000
 -9.25   0.00000   0.00000
 -9.20   0.00000   0.00000
 -9.15   0.00000   0.00000
 -9.10   0.00000   0.00000
 -9.05   0.00000   0.00000
 -9.00   0.00000   0.00000
 -8.95   0.00000   0.00000
 -8.90   0.00000   0.00000
 -8.85   0.00000   0.00000
 -8.80   0.00000   0.00000
 -8.75   0.00000   0.00000
 -8.70   0.00000   0.00000
 -8.65   0.00000   0.00000
 -8.60   0.00000   0.00000
 -8.55   0.00000   0.00000
 -8.50   0.00000   0.00000
 -8.45   0.00000   0.00000
 -8.40   0.00000   0.00000
 -8.35   0.00000   0.00000
 -8.30   0.00000   0.00000
 -8.25   0.00000   0.00000
 -8.20   0.00000   0.00000
 -8.15   0.00000   0.00000
 -8.10   0.00000   0.00000
 -8.05   0.00000   0.00000
 -8.00   0.00000   0.00000
 -7.95   0.00000   0.00000
 -7.90   0.00000   0.00000
 -7.85   0.00000   0.00000
 -7.80   0.00000   0.00000
 -7.75   0.00000   0.00000
 -7.70   0.00000   0.00000
 -7.65   0.00000   0.00000
 -7.60   0.00000   0.00000
 -7.55   0.00000   0.00000
 -7.50   0.00000   0.00000
 -7.45   0.00000   0.00000
 -7.40   0.00000   0.00000
 -7.35   0.00000   0.00000
 -7.30   0.00000   0.00000
 -7.25   0.00000   0.00000
 -7.20   0.00000   0.00000
 -7.15   0.00000   0.00000
 -7.10   0.00000   0.00000
 -7.05   0.00000   0.00000
 -7.00   0.00000   0.00000
 -6.95   0.00000   0.00000
 -6.90   0.00000   0.00000
 -6.85   0.00000   0.00000
 -6.80   0.00000   0.00000
 -6.75   0.00000   0.00000
 -6.70   0.00000   0.00000
 -6.65   0.00000   0.00000
 -6.60   0.00000   0.00000
 -6.55   0.00000   0.00000
 -6.50   0.00000   0.00000
 -6.45   0.00000   0.00000
 -6.40   0.00000   0.00000
 -6.35   0.00000   0.00000
 -6.30   0.00000   0.00000
 -6.25   0.00000   0.00000
 -6.20   0.00000   0.00000
 -6.15   0.00000   0.00000
 -6.10   0.00000   0.00000
 -6.05   0.00000   0.00000
 -6.00   0.00000   0.00000
 -5.95   0.00000   0.00000
 -5.90   0.00000   0.00000
 -5.85   0.00000   0.00000
 -5.80   0.00000   0.00000
 -5.75   0.00000   0.00000
 -5.70   0.00000   0.00000
 -5.65   0.00000   0.00000
 -5.60   0.00000   0.00000
 -5.55   0.00000   0.00000
 -5.50   0.00000   0.00000
 -5.45   0.00000   0.00000
 -5.40   0.00000   0.00000
 -5.35   0.00000   0.00000
 -5.30   0.00000   0.00000
 -5.25   0.00000   0.00000
 -5.20   0.00000   0.00000
 -5.15   0.00001   0.00000
 -5.10   0.00001   0.00000
 -5.05   0.00003   0.00000
 -5.00   0.00006   0.00000
 -4.95   0.00011   0.00000
 -4.90   0.00021   0.00000
 -4.85   0.00040   0.00001
 -4.80   0.00071   0.00001
 -4.75   0.00125   0.00002
 -4.70   0.00211   0.00004
 -4.65   0.00347   0.00006
 -4.60   0.00555   0.00010
 -4.55   0.00864   0.00016
 -4.50   0.01311   0.00024
 -4.45   0.01940   0.00035
 -4.40   0.02802   0.00051
 -4.35   0.03952   0.00071
 -4.30   0.05448   0.00098
 -4.25   0.07346   0.00132
 -4.20   0.09696   0.00174
 -4.15   0.12536   0.00226
 -4.10   0.15888   0.00286
 -4.05   0.19749   0.00355
 -4.00   0.24094   0.00434
 -3.95   0.28870   0.00520
 -3.90   0.33994   0.00612
 -3.85   0.39359   0.00709
 -3.80   0.44838   0.00808
 -3.75   0.50287   0.00906
 -3.70   0.55554   0.01002
 -3.65   0.60490   0.01091
 -3.60   0.64951   0.01171
 -3.55   0.68813   0.01241
 -3.50   0.71972   0.01299
 -3.45   0.74352   0.01342
 -3.40   0.75909   0.01370
 -3.35   0.76627   0.01383
 -3.30   0.76519   0.01381
 -3.25   0.75628   0.01365
 -3.20   0.74015   0.01336
 -3.15   0.71763   0.01295
 -3.10   0.68964   0.01244
 -3.05   0.65718   0.01186
 -3.00   0.62129   0.01121
 -2.95   0.58296   0.01052
 -2.90   0.54313   0.00980
 -2.85   0.50268   0.00907
 -2.80   0.46236   0.00834
 -2.75   0.42282   0.00763
 -2.70   0.38458   0.00694
 -2.65   0.34806   0.00628
 -2.60   0.31356   0.00566
 -2.55   0.28130   0.00508
 -2.50   0.25140   0.00454
 -2.45   0.22390   0.00405
 -2.40   0.19880   0.00360
 -2.35   0.17602   0.00319
 -2.30   0.15549   0.00282
 -2.25   0.13707   0.00249
 -2.20   0.12062   0.00219
 -2.15   0.10600   0.00193
 -2.10   0.09305   0.00169
 -2.05   0.08161   0.00149
 -2.00   0.07155   0.00131
 -1.95   0.06271   0.00115
 -1.90   0.05496   0.00101
 -1.85   0.04819   0.00089
 -1.80   0.04227   0.00078
 -1.75   0.03711   0.00069
 -1.70   0.03261   0.00060
 -1.65   0.02869   0.00053
 -1.60   0.02527   0.00047
 -1.55   0.02230   0.00042
 -1.50   0.01971   0.00037
 -1.45   0.01746   0.00033
 -1.40   0.01549   0.00030
 -1.35   0.01377   0.00027
 -1.30   0.01228   0.00024
 -1.25   0.01097   0.00022
 -1.20   0.00982   0.00020
 -1.15   0.00882   0.00018
 -1.10   0.00794   0.00016
 -1.05   0.00716   0.00015
 -1.00   0.00648   0.00014
 -0.95   0.00588   0.00013
 -0.90   0.00535   0.00012
 -0.85   0.00488   0.00011
 -0.80   0.00446   0.00010
 -0.75   0.00409   0.00010
 -0.70   0.00376   0.00009
 -0.65   0.00347   0.00009
 -0.60   0.00320   0.00008
 -0.55   0.00297   0.00008
 -0.50   0.00276   0.00008
 -0.45   0.00257   0.00008
 -0.40   0.00240   0.00008
 -0.35   0.00224   0.00007
 -0.30   0.00210   0.00007
 -0.25   0.00198   0.00007
 -0.20   0.00186   0.00007
 -0.15   0.00176   0.00007
 -0.10   0.00166   0.00008
 -0.05   0.00158   0.00008
  0.00   0.00150   0.00008
  0.05   0.00143   0.00008
  0.10   0.00136   0.00009
  0.15   0.00130   0.00009
  0.20   0.00124   0.00009
  0.25   0.00119   0.00010
  0.30   0.00114   0.00011
  0.35   0.00110   0.00011
  0.40   0.00106   0.00012
  0.45   0.00102   0.00013
  0.50   0.00099   0.00014
  0.55   0.00096   0.00016
  0.60   0.00093   0.00017
  0.65   0.00090   0.00019
  0.70   0.00088   0.00022
  0.75   0.00085   0.00024
  0.80   0.00083   0.00027
  0.85   0.00081   0.00031
  0.90   0.00079   0.00035
  0.95   0.00078   0.00040
  1.00   0.00076   0.00046
  1.05   0.00075   0.00053
  1.10   0.00074   0.00061
  1.15   0.00073   0.00071
  1.20   0.00072   0.00083
  1.25   0.00072   0.00097
  1.30   0.00071   0.00114
  1.35   0.00071   0.00135
  1.40   0.00071   0.00159
  1.45   0.00071   0.00189
  1.50   0.00071   0.00226
  1.55   0.00072   0.00269
  1.60   0.00073   0.00323
  1.65   0.00074   0.00387
  1.70   0.00076   0.00465
  1.75   0.00078   0.00560
  1.80   0.00080   0.00675
  1.85   0.00084   0.00815
  1.90   0.00088   0.00985
  1.95   0.00093   0.01191
  2.00   0.00100   0.01440
  2.05   0.00107   0.01741
  2.10   0.00116   0.02104
  2.15   0.00127   0.02542
  2.20   0.00141   0.03068
  2.25   0.00156   0.03698
  2.30   0.00175   0.04451
  2.35   0.00197   0.05346
  2.40   0.00223   0.06407
  2.45   0.00254   0.07659
  2.50   0.00290   0.09127
  2.55   0.00332   0.10840
  2.60   0.00380   0.12826
  2.65   0.00435   0.15113
  2.70   0.00498   0.17728
  2.75   0.00569   0.20692
  2.80   0.00648   0.24024
  2.85   0.00736   0.27732
  2.90   0.00833   0.31815
  2.95   0.00937   0.36258
  3.00   0.01050   0.41031
  3.05   0.01168   0.46086
  3.10   0.01291   0.51353
  3.15   0.01416   0.56743
  3.20   0.01540   0.62144
  3.25   0.01662   0.67425
  3.30   0.01776   0.72438
  3.35   0.01880   0.77024
  3.40   0.01969   0.81017
  3.45   0.02040   0.84256
  3.50   0.02090   0.86592
  3.55   0.02115   0.87899
  3.60   0.02114   0.88081
  3.65   0.02085   0.87085
  3.70   0.02028   0.84905
  3.75   0.01945   0.81585
  3.80   0.01838   0.77220
  3.85   0.01710   0.71953
  3.90   0.01566   0.65966
  3.95   0.01410   0.59468
  4.00   0.01248   0.52685
  4.05   0.01085   0.45844
  4.10   0.00926   0.39155
  4.15   0.00775   0.32806
  4.20   0.00637   0.26947
  4.25   0.00512   0.21685
  4.30   0.00403   0.17087
  4.35   0.00310   0.13175
  4.40   0.00234   0.09933
  4.45   0.00172   0.07318
  4.50   0.00124   0.05266
  4.55   0.00087   0.03698
  4.60   0.00059   0.02532
  4.65   0.00039   0.01690
  4.70   0.00025   0.01098
  4.75   0.00016   0.00695
  4.80   0.00010   0.00428
  4.85   0.00006   0.00256
  4.90   0.00003   0.00148
  4.95   0.00002   0.00084
  5.00   0.00001   0.00046
  5.05   0.00001   0.00024
  5.10   0.00000   0.00012
  5.15   0.00000   0.00006
  5.20   0.00000   0.00003
  5.25   0.00000   0.00001
  5.30   0.00000   0.00001
  5.35   0.00000   0.00000
  5.40   0.00000   0.00000
  5.45   0.00000   0.00000
  5.50   0.00000   0.00000
  5.55   0.00000   0.00000
  5.60   0.00000   0.00000
  5.65   0.00000   0.00000
  5.70   0.00000   0.00000
  5.75   0.00000   0.00000
  5.80   0.00000   0.00000
  5.85   0.00000   0.00000
  5.90   0.00000   0.00000
  5.95   0.00000   0.00000
  6.00   0.00000   0.00000
  6.05   0.00000   0.00000
  6.10   0.00000   0.00000
  6.15   0.00000   0.00000
  6.20   0.00000   0.00000
  6.25   0.00000   0.00000
  6.30   0.00000   0.00000
  6.35   0.00000   0.00000
  6.40   0.00000   0.00000
  6.45   0.00000   0.00000
  6.50   0.00000   0.00000
  6.55   0.00000   0.00000
  6.60   0.00000   0.00000
  6.65   0.00000   0.00000
  6.70   0.00000   0.00000
  6.75   0.00000   0.00000
  6.80   0.00000   0.00000
  6.85   0.00000   0.00000
  6.90   0.00000   0.00000
  6.95   0.00000   0.00000
  7.00   0.00000   0.00000
  7.05   0.00000   0.00000
  7.10   0.00000   0.00000
  7.15   0.00000   0.00000
  7.20   0.00000   0.00000
  7.25   0.00000   0.00000
  7.30   0.00000   0.00000
  7.35   0.00000   0.00000
  7.40   0.00000   0.00000
  7.45   0.00000   0.00000
  7.50   0.00000   0.00000
  7.55   0.00000   0.00000
  7.60   0.00000   0.00000
  7.65   0.00000   0.00000
  7.70   0.00000   0.00000
  7.75   0.00000   0.00000
  7.80   0.00000   0.00000
  7.85   0.00000   0.00000
  7.90   0.00000   0.00000
  7.95   0.00000   0.00000
  8.00   0.00000   0.00000
  8.05   0.00000   0.00000
  8.10   0.00000   0.00000
  8.15   0.00000   0.00000
  8.20   0.00000   0.00000
  8.25   0.00000   0.00000
  8.30   0.00000   0.00000
  8.35   0.00000   0.00000
  8.40   0.00000   0.00000
  8.45   0.00000   0.00000
  8.50   0.00000   0.00000
  8.55   0.00000   0.00000
  8.60   0.00000   0.00000
  8.65   0.00000   0.00000
  8.70   0.00000   0.00000
  8.75   0.00000   0.00000
  8.80   0.00000   0.00000
  8.85   0.00000   0.00000
  8.90   0.00000   0.00000
  8.95   0.00000   0.00000
  9.00   0.00000   0.00000
  9.05   0.00000   0.00000
  9.10   0.00000   0.00000
  9.15   0.00000   0.00000
  9.20   0.00000   0.00000
  9.25   0.00000   0.00000
  9.30   0.00000   0.00000
  9.35   0.00000   0.00000
  9.40   0.00000   0.00000
  9.45   0.00000   0.00000
  9.50   0.00000   0.00000
  9.55   0.00000   0.00000
  9.60   0.00000   0.00000
  9.65   0.00000   0.00000
  9.70   0.00000   0.00000
  9.75   0.00000   0.00000
  9.80   0.00000   0.00000
  9.85   0.00000   0.00000
  9.90   0.00000   0.00000
  9.95   0.00000   0.00000
